240.01280188560486
157.3031404018402
239.75813579559326
240.04011869430542
238.9061667919159
240.01213455200195
240.01989030838013
240.02804732322693
240.0119788646698
191.48751711845398
240.02550387382507
240.0186948776245
240.0210702419281
240.02797722816467
240.0131230354309
240.01489996910095
142.80580472946167
240.01141166687012
240.02310132980347
240.03055477142334
240.04296708106995
240.04226231575012
147.42130136489868
240.03920221328735
240.02454543113708
221.22736191749573
240.0337016582489
240.0308916568756
240.035142660141
240.01802110671997
240.02256655693054
29.817734241485596
240.02051901817322
240.03383421897888
240.0301959514618
240.0439212322235
240.02022457122803
240.03272819519043
240.02070093154907
240.0414719581604
40.447808504104614
240.0227506160736
240.02803111076355
45.95659136772156
240.02449798583984
240.0273311138153
240.0144271850586
240.03488659858704
240.02122449874878
240.01355504989624
240.01343250274658
240.0127284526825
240.02560830116272
240.01608657836914
240.01871824264526
240.01510906219482
240.00959944725037
240.01193356513977
240.01150465011597
240.01817631721497
240.0128252506256
240.02755904197693
206.82522416114807
240.01106190681458
240.01380324363708
240.0092477798462
240.00964665412903