0.1001887321472168
0.06244063377380371
0.12364673614501953
0.07630205154418945
0.07232022285461426
0.07316732406616211
0.1364133358001709
0.08809041976928711
0.1476900577545166
0.09189581871032715
0.12287688255310059
0.07898259162902832
0.0940244197845459
0.07937788963317871
0.2795541286468506
0.09497833251953125
0.06288599967956543
0.08028173446655273
0.08597993850708008
0.1080772876739502
0.11400389671325684
0.11253666877746582
0.10062313079833984
0.08259057998657227
0.0791623592376709
0.14942717552185059
0.12534475326538086
0.0896155834197998
0.0890958309173584
0.058571577072143555
0.13890600204467773
0.08043551445007324
0.09813427925109863
0.1134493350982666
0.1302342414855957
0.06475710868835449
0.10247135162353516
0.09784293174743652
0.08099079132080078
0.08613204956054688
0.2377786636352539
0.05911850929260254
0.7561547756195068
0.18581581115722656
0.08520269393920898
0.06378054618835449
0.08125972747802734
0.12865209579467773
0.11332345008850098
0.07298755645751953
0.10345149040222168
0.10358023643493652
0.4510667324066162
0.11873936653137207
0.10212373733520508
0.11513948440551758
0.05971050262451172
0.14572715759277344
0.11797571182250977
0.07982134819030762
0.09693074226379395
0.11603927612304688
0.1432352066040039
0.05773758888244629
0.1818675994873047
0.08344388008117676
0.10947227478027344
0.10392355918884277
0.06534242630004883
0.07698535919189453
0.14043188095092773
0.10783052444458008
0.07294011116027832
0.12433648109436035
0.07924938201904297
0.12507033348083496
0.050855159759521484
0.11932015419006348
0.07488536834716797
0.09437036514282227
0.04777884483337402
0.12714672088623047
0.08594632148742676
0.1274106502532959
0.08256769180297852
0.07061409950256348
0.0678706169128418
0.05914950370788574
0.12067747116088867
0.08521103858947754
0.09843111038208008
0.10004234313964844
0.12376952171325684
0.09043693542480469
0.07828807830810547
0.13091206550598145
0.11168122291564941
0.12718987464904785
0.0971376895904541
0.07160639762878418
0.0686194896697998
0.11347365379333496
0.06762242317199707
0.06518936157226562
0.0530548095703125
0.11570930480957031
0.06482195854187012
0.05771899223327637
0.09954333305358887
0.0745086669921875
0.11670780181884766
0.107452392578125
0.07347488403320312
0.512934684753418
0.661696195602417
0.14281582832336426
0.20650553703308105
0.27300596237182617
0.18841934204101562
0.9233438968658447
0.3585994243621826
0.13041305541992188
0.42584848403930664
0.3619983196258545
1.4243278503417969
0.0919947624206543
0.20447635650634766
2.080732583999634
87.7338399887085
3.201223611831665
2.58804988861084
150.0918619632721
31.746045112609863
0.07179737091064453