0.0020551681518554688
0.001798868179321289
0.0017285346984863281
0.0017719268798828125
0.0017712116241455078
0.0015347003936767578
0.0014119148254394531
0.0015633106231689453
0.0009353160858154297
0.0009338855743408203
0.0009386539459228516
0.0009343624114990234
0.0010867118835449219
0.0009877681732177734
0.0009253025054931641
0.0009303092956542969
0.0009429454803466797
0.0009267330169677734
0.0009264945983886719
0.00091552734375
0.0010166168212890625
0.0009922981262207031
0.0009226799011230469
0.0009219646453857422
0.0009222030639648438
0.0009181499481201172
0.0009164810180664062
0.0009253025054931641
0.0009334087371826172
0.0009343624114990234
0.0009260177612304688
0.000919342041015625
0.0009148120880126953
0.0009312629699707031
0.0009186267852783203
0.0009415149688720703
0.0009715557098388672
0.0009217262268066406
0.0009262561798095703
0.000919342041015625
0.0009164810180664062
0.0009169578552246094
0.0009179115295410156
0.0010788440704345703
0.0009546279907226562
0.0009191036224365234
0.0009124279022216797
0.0009121894836425781
0.0009131431579589844
0.0009145736694335938
0.0009202957153320312
0.0010881423950195312
0.0009508132934570312
0.0009248256683349609
0.0009191036224365234
0.0009174346923828125
0.0009105205535888672
0.0009179115295410156
0.00092315673828125
0.0010502338409423828
0.000904083251953125
0.0009000301361083984
0.0008955001831054688
0.0008966922760009766
0.0008847713470458984
0.0008881092071533203
0.0008914470672607422
0.0008866786956787109
0.0008978843688964844
0.0009021759033203125
0.0008988380432128906
0.0008895397186279297
0.0008847713470458984
0.0008866786956787109
0.000885009765625
0.00089263916015625
0.0008873939514160156
0.0008921623229980469
0.0008904933929443359
0.0008881092071533203
0.0008914470672607422
0.0008988380432128906
0.0008931159973144531
0.0009083747863769531
0.0008909702301025391
0.0008938312530517578
0.0008990764617919922
0.0008878707885742188
0.0008823871612548828
0.000888824462890625
0.0008833408355712891
0.0008831024169921875
0.0008833408355712891
0.0008819103240966797
0.0008826255798339844
0.0008819103240966797
0.0008835792541503906
0.0008864402770996094
0.0008859634399414062
0.0008831024169921875
0.0008873939514160156
0.0008881092071533203
0.0008890628814697266
0.0008862018585205078
0.0008871555328369141
0.0008897781372070312
0.0008943080902099609
0.0008916854858398438
0.0008959770202636719
0.0008981227874755859
0.0008838176727294922
0.0008857250213623047
0.000888824462890625
0.0008871555328369141
0.0008904933929443359
0.0008885860443115234
0.0008854866027832031
0.0008912086486816406
0.0008897781372070312
0.0008873939514160156
0.0008873939514160156
0.0008947849273681641
0.0008864402770996094
0.0008883476257324219
0.0008900165557861328
0.0008885860443115234
0.0008897781372070312
0.00115966796875
0.0008869171142578125
0.0008864402770996094
0.0008919239044189453
0.0008883476257324219
0.0008900165557861328
0.0008881092071533203
0.0008900165557861328
0.0008895397186279297
0.0008890628814697266
0.0008900165557861328
0.0008876323699951172
0.0008876323699951172
0.0008916854858398438
0.0008876323699951172
0.0008857250213623047
0.0008921623229980469
0.0008924007415771484
0.0008966922760009766
0.000888824462890625
0.0008904933929443359
0.0008921623229980469
0.0008893013000488281
0.0008885860443115234
0.0008916854858398438
0.0008881092071533203
0.0008916854858398438
0.0008931159973144531
0.000885009765625
0.0008940696716308594
0.0009107589721679688
0.0008959770202636719
0.0008959770202636719
0.0009095668792724609
0.000888824462890625
0.0008831024169921875
0.0008897781372070312
0.0008814334869384766
0.0008862018585205078
0.0008873939514160156
0.0008854866027832031
0.0008819103240966797
0.0008826255798339844
0.0008966922760009766
0.0008885860443115234
0.0008828639984130859
0.0008826255798339844
0.0008804798126220703
0.0008828639984130859
0.0008809566497802734
0.0008845329284667969
0.0008893013000488281
0.0008859634399414062
0.0008816719055175781
0.0008897781372070312
0.0008990764617919922
0.0008943080902099609
0.0008943080902099609
0.0008959770202636719
0.0008802413940429688
0.0008823871612548828
0.0008833408355712891
0.0008981227874755859
0.0008881092071533203
0.0008854866027832031
0.0008931159973144531
0.0008809566497802734
0.0008816719055175781
0.0008814334869384766
0.0008873939514160156
0.0008842945098876953
0.0008902549743652344
0.0008854866027832031
0.0008883476257324219
0.0008819103240966797
0.0008854866027832031
0.0008819103240966797
0.0008978843688964844
0.0008919239044189453
0.0008955001831054688
0.0008883476257324219
0.0008940696716308594
0.0008852481842041016
0.0008935928344726562
0.0008914470672607422
0.0008943080902099609
0.0008847713470458984
0.0008950233459472656
0.0008883476257324219
0.0008862018585205078
0.0008931159973144531
0.000896453857421875
0.0008957386016845703
0.0008950233459472656
0.0008981227874755859
0.0008897781372070312
0.0008885860443115234
0.0008916854858398438
0.0008862018585205078
0.0008859634399414062
0.0008935928344726562
0.0009005069732666016
0.0008976459503173828
0.0008952617645263672
0.0008924007415771484
0.0008890628814697266
0.0008950233459472656
0.0008871555328369141
0.0008873939514160156
0.0008878707885742188
0.0008890628814697266
0.00089263916015625
0.0008897781372070312
0.0008916854858398438
0.0008969306945800781
0.0008940696716308594
0.0009007453918457031
0.0008952617645263672
0.0008893013000488281
0.0008950233459472656
0.0008943080902099609
0.0008883476257324219
0.0008857250213623047
0.0008833408355712891
0.0008800029754638672
0.0008876323699951172
0.0008950233459472656
0.0008833408355712891
0.0008890628814697266
0.0008831024169921875
0.0008802413940429688
0.0008838176727294922
0.0008823871612548828
0.0008873939514160156
0.0008859634399414062
0.0008873939514160156
0.0008828639984130859
0.0008890628814697266
0.0008940696716308594
0.0008876323699951172
0.0008873939514160156
0.0008945465087890625
0.000896453857421875
0.0008966922760009766
0.0008897781372070312
0.0008854866027832031
0.0008821487426757812
0.0008895397186279297
0.0008943080902099609
0.0008828639984130859
0.0008864402770996094
0.0008883476257324219
0.0008792877197265625
0.0008883476257324219
0.000881195068359375
0.0008864402770996094
0.0008864402770996094
0.0008869171142578125
0.0008800029754638672
0.0008838176727294922
0.0008831024169921875
0.0008893013000488281
0.0008959770202636719
0.0008916854858398438
0.0008955001831054688
0.0008990764617919922
0.0008878707885742188
0.0008826255798339844
0.0008978843688964844
0.0008876323699951172
0.0008938312530517578
0.0008952617645263672
0.0009016990661621094
0.0008873939514160156
0.0008819103240966797
0.0008835792541503906
0.0008862018585205078
0.0008859634399414062
0.0008819103240966797
0.0008864402770996094
0.0008831024169921875
0.0008866786956787109
0.0008795261383056641
0.0008828639984130859
0.0008864402770996094
0.0008835792541503906
0.0008807182312011719
0.0008924007415771484
0.0008900165557861328
0.0008862018585205078
0.0009038448333740234
0.0008969306945800781
0.0009024143218994141
0.0008950233459472656
0.0008862018585205078
0.0008900165557861328
0.0008823871612548828
0.0008788108825683594
0.0008935928344726562
0.0008947849273681641
0.0008876323699951172
0.0008912086486816406
0.0008814334869384766
0.0008807182312011719
0.0008900165557861328
0.0008912086486816406
0.0008840560913085938
0.0008826255798339844
0.0008935928344726562
0.0008819103240966797
0.0008916854858398438
0.0008890628814697266
0.0008847713470458984
0.0008890628814697266
0.0008857250213623047
0.0008940696716308594
0.0009152889251708984
0.0008993148803710938
0.0008995532989501953
0.0008907318115234375
0.0008883476257324219
0.0008945465087890625
0.0008804798126220703
0.0008804798126220703
0.0008790493011474609
0.0008819103240966797
0.0008871555328369141
0.0008816719055175781
0.0008838176727294922
0.0008916854858398438
0.0008921623229980469
0.0008826255798339844
0.0008821487426757812
0.0008821487426757812
0.0008859634399414062
0.0008838176727294922
0.0008876323699951172
0.0008816719055175781
0.0008847713470458984
0.0008797645568847656
0.0008919239044189453
0.000904083251953125
0.00089263916015625
0.0008931159973144531
0.0009024143218994141
0.0009024143218994141
0.0008990764617919922
0.0008819103240966797
0.0008819103240966797
0.0008814334869384766
0.0008945465087890625
0.0008831024169921875
0.0008802413940429688
0.0008814334869384766
0.0008823871612548828
0.0008840560913085938
0.0008826255798339844
0.0008893013000488281
0.0008924007415771484
0.0008893013000488281
0.0008890628814697266
0.0008866786956787109
0.0008990764617919922
0.0008876323699951172
0.0009033679962158203
0.0008909702301025391
0.0008900165557861328
0.0009019374847412109
0.0009098052978515625
0.0009012222290039062
0.0008854866027832031
0.0008933544158935547
0.0008909702301025391
0.0008857250213623047
0.000881195068359375
0.0008835792541503906
0.0008819103240966797
0.0008797645568847656
0.0008828639984130859
0.0008904933929443359
0.0008816719055175781
0.0008885860443115234
0.0008831024169921875
0.0008802413940429688
0.0008902549743652344
0.0008840560913085938
0.0008823871612548828
0.0008857250213623047
0.0008871555328369141
0.0008878707885742188
0.0008859634399414062
0.0008976459503173828
0.0008866786956787109
0.0008826255798339844
0.0008902549743652344
0.0008869171142578125
0.0008823871612548828
0.0008873939514160156
0.0008895397186279297
0.0008981227874755859
0.0008862018585205078
0.0008902549743652344
0.0008940696716308594
0.0008885860443115234
0.0008878707885742188
0.0008895397186279297
0.0008869171142578125
0.0008857250213623047
0.0008952617645263672
0.0009009838104248047
0.0008914470672607422
0.0008862018585205078
0.000888824462890625
0.0008947849273681641
0.0008864402770996094
0.0008933544158935547
0.0008866786956787109
0.000885009765625
0.0008866786956787109
0.0009069442749023438
0.0008981227874755859
0.0008955001831054688
0.0008854866027832031
0.0008821487426757812
0.0008921623229980469
0.0008997917175292969
0.0008914470672607422
0.0009002685546875
0.0008931159973144531
0.0008990764617919922
0.0008814334869384766
0.0008871555328369141
0.0008864402770996094
0.0008857250213623047
0.0008804798126220703
0.0008840560913085938
0.0008873939514160156
0.0008864402770996094
0.0008835792541503906
0.0008876323699951172
0.0008947849273681641
0.000885009765625
0.0008897781372070312
0.0008828639984130859
0.0008914470672607422
0.0008997917175292969
0.0008952617645263672
0.0009009838104248047
0.0008940696716308594
0.0008883476257324219
0.0008893013000488281
0.0008912086486816406
0.0008988380432128906
0.0008897781372070312
0.0009062290191650391
0.0008985996246337891
0.0008819103240966797
0.0008821487426757812
0.0008897781372070312
0.00089263916015625
0.0008883476257324219
0.000885009765625
0.0008904933929443359
0.0008876323699951172
0.0008900165557861328
0.0008873939514160156
0.0008859634399414062
0.0008907318115234375
0.0008838176727294922
0.0008885860443115234
0.0009019374847412109
0.0008931159973144531
0.0008873939514160156
0.0009021759033203125
0.0008988380432128906
0.0008881092071533203
0.000885009765625
0.0008940696716308594
0.0008847713470458984
0.0008916854858398438
0.0008873939514160156
0.000888824462890625
0.0008833408355712891
0.0008833408355712891
0.0008819103240966797
0.0008957386016845703
0.0008823871612548828
0.000885009765625
0.0008985996246337891
0.0008885860443115234
0.0008897781372070312
0.0008869171142578125
0.0008840560913085938
0.0008821487426757812
0.0008881092071533203
0.0008871555328369141
0.0008914470672607422
0.0008835792541503906
0.0008788108825683594
0.0008916854858398438
0.00089263916015625
0.0008904933929443359
0.0008854866027832031
0.0008862018585205078
0.0008895397186279297
0.0008859634399414062
0.0008895397186279297
0.0009052753448486328
0.0009081363677978516
0.0009057521820068359
0.0008921623229980469
0.0008883476257324219
0.0009052753448486328
0.0008890628814697266
0.0008904933929443359
0.0008876323699951172
0.0008866786956787109
0.0008831024169921875
0.0008878707885742188
0.000888824462890625
0.0008852481842041016
0.0008871555328369141
0.0008890628814697266
0.0008921623229980469
0.0008862018585205078
0.0008900165557861328
0.0008921623229980469
0.0008931159973144531
0.0008885860443115234
0.0008921623229980469
0.0008864402770996094
0.000885009765625
0.0008890628814697266
0.0008983612060546875
0.0008933544158935547
0.000888824462890625
0.0008871555328369141
0.0008847713470458984
0.0009002685546875
0.000896453857421875
0.0008988380432128906
0.0008969306945800781
0.000888824462890625
0.0008897781372070312
0.0009031295776367188
0.0008890628814697266
0.0008995532989501953
0.0009036064147949219
0.0009062290191650391
0.0008909702301025391
0.0009188652038574219
0.0009026527404785156
0.0008869171142578125
0.0008943080902099609
0.0008807182312011719
0.0008845329284667969
0.0008866786956787109
0.0008881092071533203
0.0008835792541503906
0.0008852481842041016
0.0008804798126220703
0.000888824462890625
0.0008890628814697266
0.0008807182312011719
0.0008885860443115234
0.0008852481842041016
0.0008943080902099609
0.0008807182312011719
0.0008904933929443359
0.0008814334869384766
0.0008897781372070312
0.0008859634399414062
0.0008962154388427734
0.0008997917175292969
0.0008864402770996094
0.0008916854858398438
0.0008974075317382812
0.0009043216705322266
0.0008909702301025391
0.0008845329284667969
0.0008876323699951172
0.0008933544158935547
0.0008909702301025391
0.000888824462890625
0.0008933544158935547
0.0008835792541503906
0.0008819103240966797
0.0008950233459472656
0.0008881092071533203
0.0008857250213623047
0.0008897781372070312
0.0008928775787353516
0.0008862018585205078
0.0008933544158935547
0.0008952617645263672
0.0008828639984130859
0.0008864402770996094
0.0008885860443115234
0.0008864402770996094
0.000911712646484375
0.0008995532989501953
0.0008993148803710938
0.0008940696716308594
0.0009019374847412109
0.0009016990661621094
0.0008823871612548828
0.0008924007415771484
0.0008943080902099609
0.0008842945098876953
0.0008819103240966797
0.0008804798126220703
0.0008804798126220703
0.0008955001831054688
0.0008912086486816406
0.0008890628814697266
0.0008914470672607422
0.0008835792541503906
0.0008847713470458984
0.0008864402770996094
0.0008931159973144531
0.000885009765625
0.0008878707885742188
0.0008864402770996094
0.0010759830474853516
0.0008897781372070312
0.0008969306945800781
0.0008959770202636719
0.0008971691131591797
0.0008935928344726562
0.0008990764617919922
0.0009005069732666016
0.0008959770202636719
0.0008852481842041016
0.0008873939514160156
0.000885009765625
0.0008945465087890625
0.0008893013000488281
0.0008838176727294922
0.0008902549743652344
0.0008919239044189453
0.0008831024169921875
0.0008831024169921875
0.0008864402770996094
0.0008897781372070312
0.0008904933929443359
0.0008869171142578125
0.0008871555328369141
0.0008878707885742188
0.0008864402770996094
0.0008881092071533203
0.0008873939514160156
0.0009009838104248047
0.0008938312530517578
0.0008866786956787109
0.0008893013000488281
0.0008959770202636719
0.0008854866027832031
0.0008897781372070312
0.0008828639984130859
0.0008814334869384766
0.0008821487426757812
0.0008947849273681641
0.0008881092071533203
0.000881195068359375
0.0008878707885742188
0.0008847713470458984
0.0008876323699951172
0.0008840560913085938
0.000881195068359375
0.0008807182312011719
0.000885009765625
0.0008802413940429688
0.0008864402770996094
0.0008840560913085938
0.0008919239044189453
0.0008955001831054688
0.0008947849273681641
0.0008985996246337891
0.0008928775787353516
0.0009095668792724609
0.000885009765625
0.0008854866027832031
0.0008869171142578125
0.0008876323699951172
0.0008950233459472656
0.0008881092071533203
0.0008885860443115234
0.0008835792541503906
0.0008866786956787109
0.0008900165557861328
0.0008881092071533203
0.000888824462890625
0.0008938312530517578
0.0008833408355712891
0.0008859634399414062
0.0008835792541503906
0.0008876323699951172
0.0008914470672607422
0.0008933544158935547
0.0008900165557861328
0.0008897781372070312
0.0008904933929443359
0.0008974075317382812
0.0008921623229980469
0.0008852481842041016
0.0009000301361083984
0.0009036064147949219
0.0008876323699951172
0.0008995532989501953
0.0008957386016845703
0.0008873939514160156
0.0008897781372070312
0.0008912086486816406
0.0008900165557861328
0.0008852481842041016
0.0008959770202636719
0.0008859634399414062
0.0008897781372070312
0.0008873939514160156
0.0008871555328369141
0.0008854866027832031
0.00089263916015625
0.000888824462890625
0.0008852481842041016
0.0008897781372070312
0.0008912086486816406
0.0008826255798339844
0.0008833408355712891
0.0008938312530517578
0.0008897781372070312
0.0008771419525146484
0.0008893013000488281
0.0008885860443115234
0.0008940696716308594
0.0009033679962158203
0.0008933544158935547
0.0008907318115234375
0.0008959770202636719
0.0008971691131591797
0.0008809566497802734
0.0008840560913085938
0.0008838176727294922
0.0008852481842041016
0.0008845329284667969
0.0008840560913085938
0.0008864402770996094
0.0008871555328369141
0.0008893013000488281
0.0008838176727294922
0.0008847713470458984
0.0008943080902099609
0.0008845329284667969
0.0008878707885742188
0.0008866786956787109
0.0008895397186279297
0.0008873939514160156
0.0008900165557861328
0.0008947849273681641
0.0008957386016845703
0.0008935928344726562
0.0009098052978515625
0.0009043216705322266
0.0008935928344726562
0.0008966922760009766
0.0008940696716308594
0.0008914470672607422
0.0008895397186279297
0.0008890628814697266
0.0008835792541503906
0.0008893013000488281
0.0008955001831054688
0.0008919239044189453
0.0008957386016845703
0.0008869171142578125
0.0008881092071533203
0.0008871555328369141
0.0008909702301025391
0.0008866786956787109
0.000888824462890625
0.0008878707885742188
0.0008938312530517578
0.0008914470672607422
0.0008931159973144531
0.0008878707885742188
0.0008912086486816406
0.0008985996246337891
0.0008869171142578125
0.0008819103240966797
0.0008821487426757812
0.0008847713470458984
0.0008831024169921875
0.0008845329284667969
0.0008902549743652344
0.0008904933929443359
0.0008869171142578125
0.0008852481842041016
0.0008950233459472656
0.0008828639984130859
0.0008962154388427734
0.0008842945098876953
0.0008838176727294922
0.0008869171142578125
0.0008916854858398438
0.000888824462890625
0.0008928775787353516
0.0009014606475830078
0.0008864402770996094
0.0008859634399414062
0.0008921623229980469
0.0008881092071533203
0.0008876323699951172
0.0008842945098876953
0.0008842945098876953
0.0008804798126220703
0.0008878707885742188
0.0008819103240966797
0.0008828639984130859
0.0008809566497802734
0.0008823871612548828
0.0008900165557861328
0.0008866786956787109
0.0008847713470458984
0.0008869171142578125
0.000888824462890625
0.000888824462890625
0.0008842945098876953
0.0008902549743652344
0.0008881092071533203
0.0009005069732666016
0.0008976459503173828
0.0008833408355712891
0.0008847713470458984
0.0008869171142578125
0.0008904933929443359
0.0008838176727294922
0.0008831024169921875
0.0008978843688964844
0.000885009765625
0.0008962154388427734
0.0008928775787353516
0.0008842945098876953
0.000896453857421875
0.0008912086486816406
0.0008895397186279297
0.0008842945098876953
0.0008823871612548828
0.0008847713470458984
0.0008914470672607422
0.0008869171142578125
0.0008919239044189453
0.0008859634399414062
0.0008912086486816406
0.0008909702301025391
0.0008962154388427734
0.0008895397186279297
0.0008864402770996094
0.0008873939514160156
0.0008897781372070312
0.0008840560913085938
0.0008838176727294922
0.0008873939514160156
0.0008847713470458984
0.0008823871612548828
0.0008921623229980469
0.0008890628814697266
0.000881195068359375
0.0008878707885742188
0.0008828639984130859
0.0008928775787353516
0.0008912086486816406
0.0008931159973144531
0.0008833408355712891
0.0008831024169921875
0.0008800029754638672
0.0008859634399414062
0.00089263916015625
0.0009019374847412109
0.0008873939514160156
0.0008919239044189453
0.0008814334869384766
0.0008943080902099609
0.0008950233459472656
0.0008838176727294922
0.0008854866027832031
0.0008885860443115234
0.0009455680847167969
0.0008854866027832031
0.0008833408355712891
0.0008838176727294922
0.0008919239044189453
0.0008854866027832031
0.0008914470672607422
0.0008831024169921875
0.0008935928344726562
0.0008862018585205078
0.0008821487426757812
0.0008838176727294922
0.000885009765625
0.0008847713470458984
0.0008950233459472656
0.0008985996246337891
0.0008900165557861328
0.0008907318115234375
0.0008885860443115234
0.0008828639984130859
0.0008864402770996094
0.0008924007415771484
0.0008845329284667969
0.0008866786956787109
0.000885009765625
0.0008838176727294922
0.0008819103240966797
0.0008909702301025391
0.0008876323699951172
0.000885009765625
0.0008893013000488281
0.0008878707885742188
0.0008809566497802734
0.0008816719055175781
0.0008885860443115234
0.0008935928344726562
0.0008854866027832031
0.0008876323699951172
0.0008814334869384766
0.0008976459503173828
0.0008878707885742188
0.0008981227874755859
0.0008857250213623047
0.0008876323699951172
0.0008976459503173828
0.0008924007415771484
0.0008866786956787109
0.0008869171142578125
0.0008919239044189453
0.0008924007415771484
0.0008890628814697266
0.0008912086486816406
0.0008840560913085938
0.0008833408355712891
0.000881195068359375
0.00089263916015625
0.0008914470672607422
0.0008881092071533203
0.0008835792541503906
0.0008921623229980469
0.0008890628814697266
0.0008864402770996094
0.0008883476257324219
0.0008912086486816406
0.0008928775787353516
0.0008859634399414062
0.0008919239044189453
0.0008971691131591797
0.0008993148803710938
0.0008914470672607422
0.0008876323699951172
0.0008852481842041016
0.0008873939514160156
0.0008912086486816406
0.0008885860443115234
0.0008857250213623047
0.0008845329284667969
0.0008819103240966797
0.000885009765625
0.000888824462890625
0.0008969306945800781
0.0008864402770996094
0.000885009765625
0.0008821487426757812
0.0008840560913085938
0.0008921623229980469
0.0008904933929443359
0.0008835792541503906
0.0008862018585205078
0.0008862018585205078
0.0009057521820068359
0.000896453857421875
0.0009052753448486328
0.0008909702301025391
0.0008945465087890625
0.0008890628814697266
0.0008878707885742188
0.0008943080902099609
0.0008831024169921875
0.0008842945098876953
0.0008895397186279297
0.0008866786956787109
0.0008893013000488281
0.0008912086486816406
0.0008914470672607422
0.0008847713470458984
0.0008845329284667969
0.0008871555328369141
0.0008804798126220703
0.0008857250213623047
0.0008826255798339844
0.0008876323699951172
0.0008935928344726562
0.0008859634399414062
0.0008985996246337891
0.000896453857421875
0.0008974075317382812
0.0008907318115234375
0.0008828639984130859
0.0008916854858398438
0.0008919239044189453
0.0008933544158935547
0.0008826255798339844
0.00089263916015625
0.0008864402770996094
0.0008831024169921875
0.0008876323699951172
0.0008878707885742188
0.000885009765625
0.000888824462890625
0.0008838176727294922
0.0008873939514160156
0.0008957386016845703
0.0008919239044189453
0.0008826255798339844
0.0008902549743652344
0.0008873939514160156
0.0008940696716308594
0.0008957386016845703
0.0009021759033203125
0.00089263916015625
0.0008862018585205078
0.0008866786956787109
0.0008976459503173828
0.0008897781372070312
0.0008921623229980469
0.0008840560913085938
0.0008852481842041016
0.0008862018585205078
0.0008833408355712891
0.0008897781372070312
0.0008895397186279297
0.0008826255798339844
0.0008916854858398438
0.0008847713470458984
0.0008826255798339844
0.0008804798126220703
0.0008919239044189453
0.0008857250213623047
0.0008809566497802734
0.0008881092071533203
0.0008826255798339844
0.0008993148803710938
0.0008935928344726562
0.0008990764617919922
0.0008909702301025391
0.0008847713470458984
0.0008862018585205078
0.0008902549743652344
0.0008821487426757812
0.0008819103240966797
0.0008864402770996094
0.0008871555328369141
0.0008809566497802734
0.0008895397186279297
0.0008869171142578125
0.0008821487426757812
0.0008873939514160156
0.0008885860443115234
0.0008816719055175781
0.0008866786956787109
0.0008881092071533203
0.000888824462890625
0.0008857250213623047
0.0008940696716308594
0.0008871555328369141
0.0008924007415771484
0.0008854866027832031
0.0008878707885742188
0.0008947849273681641
0.0008950233459472656
0.0008819103240966797
0.0008845329284667969
0.0008871555328369141
0.0008833408355712891
0.0008823871612548828
0.0008840560913085938
0.0008823871612548828
0.0008897781372070312
0.0008902549743652344
0.000888824462890625
0.0008828639984130859
0.0008890628814697266
0.0008804798126220703
0.000896453857421875
0.0008857250213623047
0.0008876323699951172
0.0008931159973144531
0.0008919239044189453
0.0008869171142578125
0.0008955001831054688
0.0008893013000488281
0.0008893013000488281
0.0008955001831054688
0.0009045600891113281
0.0008864402770996094
0.0008826255798339844
0.000888824462890625
0.0008859634399414062
0.0008893013000488281
0.0008816719055175781
0.0008854866027832031
0.0008914470672607422
0.0008890628814697266
0.0008838176727294922
0.0008938312530517578
0.0008857250213623047
0.0008816719055175781
0.0008881092071533203
0.0008914470672607422
0.0008897781372070312
0.0008878707885742188
0.0009021759033203125
0.0008883476257324219
0.0008885860443115234
0.0008935928344726562
0.0008914470672607422
0.0008957386016845703
0.0008816719055175781
0.0008966922760009766
0.0008971691131591797
0.000904083251953125
0.0009000301361083984
0.0008990764617919922
0.0008988380432128906
0.0009143352508544922
0.0009071826934814453
0.0009064674377441406
0.0008995532989501953
0.0009133815765380859
0.0009174346923828125
0.0009095668792724609
0.0008995532989501953
0.0008924007415771484
0.0009052753448486328
0.0009143352508544922
0.0009038448333740234
0.0009133815765380859
0.0009088516235351562
0.0009121894836425781
0.0009057521820068359
0.0009148120880126953
0.0009329319000244141
0.0009050369262695312
0.0009191036224365234
0.0009171962738037109
0.0009250640869140625
0.0008981227874755859
0.0009083747863769531
0.0008997917175292969
0.0009102821350097656
0.0009081363677978516
0.0009124279022216797
0.0009019374847412109
0.0009031295776367188
0.0009026527404785156
0.0009174346923828125
0.000911712646484375
0.0009109973907470703
0.0009105205535888672
0.0009059906005859375
0.0009014606475830078
0.0009055137634277344
0.0009002685546875
0.0009055137634277344
0.0009009838104248047
0.0008938312530517578
0.0009047985076904297
0.0009014606475830078
0.0009057521820068359
0.0009012222290039062
0.0009183883666992188
0.0009090900421142578
0.0009105205535888672
0.0008997917175292969
0.0009036064147949219
0.0008895397186279297
0.0008885860443115234
0.0008842945098876953
0.0008845329284667969
0.0008821487426757812
0.0008890628814697266
0.0009012222290039062
0.0008959770202636719
0.0008878707885742188
0.0008993148803710938
0.0008890628814697266
0.0008902549743652344
0.0008912086486816406
0.0008864402770996094
0.0008883476257324219
0.0008840560913085938
0.000896453857421875
0.0008924007415771484
0.0008852481842041016
0.0008859634399414062
0.0008876323699951172
0.0008885860443115234
0.0009000301361083984
0.0008831024169921875
0.0008842945098876953
0.0008902549743652344
0.0008826255798339844
0.0008928775787353516
0.0008933544158935547
0.0008916854858398438
0.0008916854858398438
0.0008878707885742188
0.0009064674377441406
0.0009021759033203125
0.0009002685546875
0.0008974075317382812
0.0008885860443115234
0.0008871555328369141
0.0008852481842041016
0.0008862018585205078
0.0008955001831054688
0.0008847713470458984
0.0008902549743652344
0.0008842945098876953
0.0008876323699951172
0.0008828639984130859
0.0008864402770996094
0.0008907318115234375
0.0008833408355712891
0.0008838176727294922
0.0008819103240966797
0.0008833408355712891
0.0008828639984130859
0.0009059906005859375
0.0008902549743652344
0.0009000301361083984
0.0008988380432128906
0.0009200572967529297
0.0008866786956787109
0.000881195068359375
0.0008904933929443359
0.0008938312530517578
0.0008845329284667969
0.0008943080902099609
0.0008833408355712891
0.0008938312530517578
0.0008897781372070312
0.0008866786956787109
0.0008807182312011719
0.0008864402770996094
0.0008895397186279297
0.0008828639984130859
0.000904083251953125
0.0008945465087890625
0.0008983612060546875
0.0008945465087890625
0.0008981227874755859
0.0008854866027832031
0.0008804798126220703
0.0008935928344726562
0.0008788108825683594
0.0008862018585205078
0.0008788108825683594
0.0008876323699951172
0.0008900165557861328
0.0008826255798339844
0.0008859634399414062
0.0008809566497802734
0.0008833408355712891
0.0008955001831054688
0.0008909702301025391
0.0008916854858398438
0.0008928775787353516
0.0008826255798339844
0.0008985996246337891
0.0008990764617919922
0.0008943080902099609
0.0008916854858398438
0.0008904933929443359
0.000881195068359375
0.0008840560913085938
0.0008902549743652344
0.0008852481842041016
0.0008840560913085938
0.0008804798126220703
0.0008804798126220703
0.0008904933929443359
0.0008857250213623047
0.0008819103240966797
0.0008826255798339844
0.0008864402770996094
0.0008916854858398438
0.0008902549743652344
0.0008885860443115234
0.0008862018585205078
0.0008807182312011719
0.0008983612060546875
0.0008955001831054688
0.0008962154388427734
0.0009002685546875
0.0008878707885742188
0.0008854866027832031
0.0008864402770996094
0.0008833408355712891
0.0008823871612548828
0.0008909702301025391
0.0008821487426757812
0.0008783340454101562
0.0008816719055175781
0.0008893013000488281
0.0008935928344726562
0.0008809566497802734
0.0008907318115234375
0.0008873939514160156
0.0008862018585205078
0.0008847713470458984
0.0008864402770996094
0.0008854866027832031
0.0008871555328369141
0.0009052753448486328
0.0008893013000488281
0.0008997917175292969
0.0008864402770996094
0.0008921623229980469
0.0008907318115234375
0.0008878707885742188
0.0008885860443115234
0.0008862018585205078
0.0008859634399414062
0.0008842945098876953
0.0008866786956787109
0.0008838176727294922
0.0008804798126220703
0.0008845329284667969
0.0008842945098876953
0.0008873939514160156
0.0008864402770996094
0.0008847713470458984
0.0008862018585205078
0.0008902549743652344
0.0008866786956787109
0.0009000301361083984
0.000888824462890625
0.0008909702301025391
0.0008974075317382812
0.0008974075317382812
0.0008864402770996094
0.0008859634399414062
0.0008921623229980469
0.0008862018585205078
0.0008895397186279297
0.0008823871612548828
0.0008890628814697266
0.0008804798126220703
0.0008919239044189453
0.0008804798126220703
0.0008919239044189453
0.000885009765625
0.0008845329284667969
0.0008881092071533203
0.0008864402770996094
0.0008864402770996094
0.0008916854858398438
0.0008876323699951172
0.0008993148803710938
0.0008876323699951172
0.0008852481842041016
0.0008962154388427734
0.0009038448333740234
0.0008807182312011719
0.0008842945098876953
0.0008862018585205078
0.0008883476257324219
0.0008873939514160156
0.0008842945098876953
0.0008876323699951172
0.0008943080902099609
0.0008873939514160156
0.0008809566497802734
0.0008924007415771484
0.0008869171142578125
0.0008842945098876953
0.0008828639984130859
0.0008859634399414062
0.0008833408355712891
0.0008945465087890625
0.0008885860443115234
0.0008893013000488281
0.0008852481842041016
0.0008883476257324219
0.0008995532989501953
0.0008945465087890625
0.0008914470672607422
0.0008878707885742188
0.0008883476257324219
0.0008952617645263672
0.0008862018585205078
0.0008800029754638672
0.0008862018585205078
0.0008831024169921875
0.0008873939514160156
0.0008909702301025391
0.0008819103240966797
0.0008907318115234375
0.0008897781372070312
0.0008854866027832031
0.0008881092071533203
0.0008900165557861328
0.0008893013000488281
0.0008847713470458984
0.0008866786956787109
0.0009131431579589844
0.0008883476257324219
0.0008983612060546875
0.0008935928344726562
0.0008900165557861328
0.0008862018585205078
0.0008950233459472656
0.0008900165557861328
0.0008819103240966797
0.0008931159973144531
0.0008881092071533203
0.0008878707885742188
0.0008800029754638672
0.0008869171142578125
0.0008876323699951172
0.0008897781372070312
0.0008873939514160156
0.0008869171142578125
0.0008885860443115234
0.0008924007415771484
0.0008797645568847656
0.0008814334869384766
0.0008924007415771484
0.0009050369262695312
0.0008947849273681641
0.0008969306945800781
0.0008912086486816406
0.0009050369262695312
0.0008833408355712891
0.000885009765625
0.0008826255798339844
0.00090789794921875
0.000888824462890625
0.0008835792541503906
0.000885009765625
0.0008897781372070312
0.0008897781372070312
0.0008883476257324219
0.0008838176727294922
0.0008871555328369141
0.0008828639984130859
0.0008869171142578125
0.0008862018585205078
0.0008931159973144531
0.0008833408355712891
0.0008852481842041016
0.0008792877197265625
0.0008919239044189453
0.0009043216705322266
0.0008985996246337891
0.0008890628814697266
0.0009019374847412109
0.0008912086486816406
0.000888824462890625
0.0008969306945800781
0.0008852481842041016
0.0008952617645263672
0.0008943080902099609
0.0008883476257324219
0.0008857250213623047
0.0008945465087890625
0.0008797645568847656
0.0008883476257324219
0.0008881092071533203
0.0008904933929443359
0.0008809566497802734
0.0008842945098876953
0.0008842945098876953
0.0008902549743652344
0.0008840560913085938
0.0008959770202636719
0.0009002685546875
0.0008974075317382812
0.0009062290191650391
0.0008904933929443359
0.0008978843688964844
0.000885009765625
0.0008876323699951172
0.0008819103240966797
0.0008866786956787109
0.0008912086486816406
0.0008857250213623047
0.000881195068359375
0.0008893013000488281
0.0008895397186279297
0.0008835792541503906
0.0008862018585205078
0.0008809566497802734
0.0008943080902099609
0.0008816719055175781
0.0008862018585205078
0.0008871555328369141
0.0008912086486816406
0.0008916854858398438
0.0008966922760009766
0.0008921623229980469
0.00089263916015625
0.000904083251953125
0.0009009838104248047
0.000881195068359375
0.0008826255798339844
0.0008854866027832031
0.0008897781372070312
0.0008895397186279297
0.0008828639984130859
0.0008831024169921875
0.0008823871612548828
0.0008859634399414062
0.0008893013000488281
0.0008845329284667969
0.0008854866027832031
0.0008809566497802734
0.0008931159973144531
0.0008881092071533203
0.0008814334869384766
0.0008912086486816406
0.0008916854858398438
0.0008938312530517578
0.0009002685546875
0.000888824462890625
0.0008878707885742188
0.0008838176727294922
0.0008859634399414062
0.0008852481842041016
0.0008802413940429688
0.0008828639984130859
0.0008914470672607422
0.0008835792541503906
0.0008835792541503906
0.0008871555328369141
0.0008869171142578125
0.0008826255798339844
0.000888824462890625
0.0008885860443115234
0.0008878707885742188
0.0008900165557861328
0.0008833408355712891
0.0008852481842041016
0.0008900165557861328
0.0009050369262695312
0.0008988380432128906
0.0008864402770996094
0.0008895397186279297
0.0009009838104248047
0.0008950233459472656
0.0008864402770996094
0.0008893013000488281
0.0008814334869384766
0.0008814334869384766
0.0008881092071533203
0.0008857250213623047
0.0008840560913085938
0.0008792877197265625
0.0008873939514160156
0.0008883476257324219
0.0008833408355712891
0.0008835792541503906
0.0008816719055175781
0.000888824462890625
0.0008816719055175781
0.0008928775787353516
0.000885009765625
0.0009002685546875
0.0008955001831054688
0.0008900165557861328
0.0008943080902099609
0.0008952617645263672
0.0008833408355712891
0.0008885860443115234
0.0008809566497802734
0.0008969306945800781
0.0008847713470458984
0.0008881092071533203
0.0008916854858398438
0.0008885860443115234
0.0008940696716308594
0.0008866786956787109
0.0008869171142578125
0.0008912086486816406
0.0008883476257324219
0.000888824462890625
0.0008866786956787109
0.0008859634399414062
0.0008854866027832031
0.0008895397186279297
0.0008940696716308594
0.0008921623229980469
0.0009071826934814453
0.0008900165557861328
0.0008974075317382812
0.0008866786956787109
0.0008885860443115234
0.0008845329284667969
0.0008826255798339844
0.0008871555328369141
0.0008935928344726562
0.0008900165557861328
0.000888824462890625
0.0008912086486816406
0.0008897781372070312
0.0008857250213623047
0.0008955001831054688
0.0008883476257324219
0.0008914470672607422
0.0008814334869384766
0.0008938312530517578
0.0008912086486816406
0.000888824462890625
0.0008928775787353516
0.00089263916015625
0.0009047985076904297
0.0008921623229980469
0.0009009838104248047
0.0008940696716308594
0.0008921623229980469
0.0008933544158935547
0.0008842945098876953
0.0008816719055175781
0.0008924007415771484
0.0008940696716308594
0.0008916854858398438
0.0008831024169921875
0.0008876323699951172
0.0008900165557861328
0.0008795261383056641
0.0008864402770996094
0.0008873939514160156
0.0008862018585205078
0.0008881092071533203
0.000888824462890625
0.0008821487426757812
0.000888824462890625
0.0008816719055175781
0.0008916854858398438
0.0008881092071533203
0.0008945465087890625
0.0008969306945800781
0.0008981227874755859
0.0008819103240966797
0.0008878707885742188
0.0008869171142578125
0.0008819103240966797
0.0008909702301025391
0.0008902549743652344
0.0008938312530517578
0.0008819103240966797
0.0008919239044189453
0.0008921623229980469
0.0008897781372070312
0.0008866786956787109
0.0008807182312011719
0.00089263916015625
0.0008852481842041016
0.0008871555328369141
0.0008821487426757812
0.0008907318115234375
0.0008990764617919922
0.0008950233459472656
0.0009076595306396484
0.0008883476257324219
0.0008866786956787109
0.0008842945098876953
0.0008907318115234375
0.000888824462890625
0.0008943080902099609
0.0008893013000488281
0.0008897781372070312
0.000888824462890625
0.0008862018585205078
0.0008831024169921875
0.0008814334869384766
0.0008902549743652344
0.0008816719055175781
0.0008869171142578125
0.0008847713470458984
0.000885009765625
0.0008933544158935547
0.0008912086486816406
0.00089263916015625
0.0008921623229980469
0.0008945465087890625
0.0008983612060546875
0.0008823871612548828
0.0008873939514160156
0.0008864402770996094
0.0008893013000488281
0.0008859634399414062
0.0008802413940429688
0.000885009765625
0.0008912086486816406
0.00089263916015625
0.0008862018585205078
0.0008919239044189453
0.0008816719055175781
0.0008838176727294922
0.0008912086486816406
0.0008881092071533203
0.0008854866027832031
0.0008854866027832031
0.0009033679962158203
0.0008969306945800781
0.0008916854858398438
0.0008978843688964844
0.0008950233459472656
0.0008859634399414062
0.0008885860443115234
0.0008859634399414062
0.0008943080902099609
0.0008878707885742188
0.0008938312530517578
0.0008950233459472656
0.0008919239044189453
0.0008835792541503906
0.0008826255798339844
0.0008869171142578125
0.0008916854858398438
0.0008866786956787109
0.0008907318115234375
0.0008893013000488281
0.0008924007415771484
0.0008854866027832031
0.0008878707885742188
0.0008842945098876953
0.0008974075317382812
0.0008900165557861328
0.0009050369262695312
0.0009026527404785156
0.0009012222290039062
0.0008933544158935547
0.0008945465087890625
0.0008847713470458984
0.0008950233459472656
0.0008826255798339844
0.0008931159973144531
0.0008823871612548828
0.0008919239044189453
0.0008833408355712891
0.0008897781372070312
0.0008873939514160156
0.0008921623229980469
0.0008862018585205078
0.0008854866027832031
0.0008816719055175781
0.0008955001831054688
0.0008840560913085938
0.0008878707885742188
0.0008881092071533203
0.0008885860443115234
0.0008945465087890625
0.0009176731109619141
0.0008938312530517578
0.0008943080902099609
0.0008957386016845703
0.0008833408355712891
0.0008931159973144531
0.0008828639984130859
0.0008878707885742188
0.0008914470672607422
0.0008885860443115234
0.0008816719055175781
0.0008924007415771484
0.0008859634399414062
0.0008904933929443359
0.0008921623229980469
0.000888824462890625
0.000888824462890625
0.0008931159973144531
0.0008807182312011719
0.0008931159973144531
0.0008845329284667969
0.000888824462890625
0.0008878707885742188
0.0008895397186279297
0.0008962154388427734
0.0008935928344726562
0.000911712646484375
0.0008802413940429688
0.0008826255798339844
0.0008869171142578125
0.0008866786956787109
0.0008809566497802734
0.0008838176727294922
0.0008847713470458984
0.0008845329284667969
0.0008797645568847656
0.0008904933929443359
0.0008878707885742188
0.0008814334869384766
0.0008885860443115234
0.0008833408355712891
0.0008916854858398438
0.0008952617645263672
0.0008873939514160156
0.0009014606475830078
0.000888824462890625
0.0008807182312011719
0.0008831024169921875
0.0008895397186279297
0.0008931159973144531
0.0008893013000488281
0.0008871555328369141
0.0008823871612548828
0.0008840560913085938
0.0008873939514160156
0.0008921623229980469
0.0008921623229980469
0.0008840560913085938
0.0008876323699951172
0.0008831024169921875
0.0008914470672607422
0.00089263916015625
0.0008819103240966797
0.0008866786956787109
0.0008840560913085938
0.0008902549743652344
0.0008971691131591797
0.0008969306945800781
0.0008912086486816406
0.0008890628814697266
0.000888824462890625
0.0008897781372070312
0.0008885860443115234
0.0008826255798339844
0.0008821487426757812
0.0008885860443115234
0.0008819103240966797
0.0008862018585205078
0.0008857250213623047
0.0008912086486816406
0.0008804798126220703
0.0008807182312011719
0.0008866786956787109
0.0008907318115234375
0.0008916854858398438
0.0008900165557861328
0.0008969306945800781
0.0008878707885742188
0.0009131431579589844
0.00089263916015625
0.0008976459503173828
0.0008871555328369141
0.0008988380432128906
0.0008962154388427734
0.0008883476257324219
0.0008893013000488281
0.0008881092071533203
0.0008862018585205078
0.00089263916015625
0.0008816719055175781
0.0008938312530517578
0.0008802413940429688
0.0008938312530517578
0.000885009765625
0.0008840560913085938
0.0008826255798339844
0.0008907318115234375
0.0008916854858398438
0.0008857250213623047
0.0008821487426757812
0.000881195068359375
0.0008819103240966797
0.0008921623229980469
0.0008881092071533203
0.0008914470672607422
0.0008912086486816406
0.0008885860443115234
0.0008943080902099609
0.0009062290191650391
0.0008940696716308594
0.0008914470672607422
0.0008862018585205078
0.0008854866027832031
0.0008826255798339844
0.0008893013000488281
0.0008909702301025391
0.0008909702301025391
0.0008828639984130859
0.0008876323699951172
0.0008854866027832031
0.0008957386016845703
0.000885009765625
0.0008924007415771484
0.0008862018585205078
0.0008873939514160156
0.0008947849273681641
0.0008885860443115234
0.0008883476257324219
0.0008935928344726562
0.0008904933929443359
0.0008919239044189453
0.0008921623229980469
0.0009081363677978516
0.0008823871612548828
0.0008831024169921875
0.0008897781372070312
0.0008919239044189453
0.0008819103240966797
0.0008873939514160156
0.0008826255798339844
0.0008862018585205078
0.0008876323699951172
0.0008900165557861328
0.0008895397186279297
0.0008935928344726562
0.0008814334869384766
0.00089263916015625
0.0008835792541503906
0.0008947849273681641
0.0008921623229980469
0.0008931159973144531
0.000896453857421875
0.000904083251953125
0.0009052753448486328
0.0008988380432128906
0.0009057521820068359
0.0008957386016845703
0.0008816719055175781
0.0008921623229980469
0.0008864402770996094
0.0008852481842041016
0.0008902549743652344
0.0008912086486816406
0.0008900165557861328
0.0008876323699951172
0.0008881092071533203
0.0008866786956787109
0.0010187625885009766
0.0008931159973144531
0.0008883476257324219
0.0008826255798339844
0.0008900165557861328
0.0008943080902099609
0.0008866786956787109
0.0008852481842041016
0.0008821487426757812
0.0008966922760009766
0.0009067058563232422
0.0008869171142578125
0.0008902549743652344
0.0008916854858398438
0.0008816719055175781
0.0008881092071533203
0.0008816719055175781
0.0008938312530517578
0.0008919239044189453
0.0008842945098876953
0.0008864402770996094
0.0008862018585205078
0.0008835792541503906
0.0008864402770996094
0.0008826255798339844
0.0008845329284667969
0.0008921623229980469
0.0008893013000488281
0.0008854866027832031
0.0008842945098876953
0.0009052753448486328
0.000896453857421875
0.0008945465087890625
0.0008940696716308594
0.0008883476257324219
0.0008842945098876953
0.0008943080902099609
0.0008900165557861328
0.0008862018585205078
0.0008864402770996094
0.0008864402770996094
0.0008928775787353516
0.0008866786956787109
0.0008914470672607422
0.0008866786956787109
0.0008854866027832031
0.0008876323699951172
0.0008842945098876953
0.0008885860443115234
0.0008809566497802734
0.0008814334869384766
0.0008864402770996094
0.0009095668792724609
0.0008943080902099609
0.0008897781372070312
0.0008921623229980469
0.000888824462890625
0.0008893013000488281
0.0008912086486816406
0.0008852481842041016
0.0008940696716308594
0.0008947849273681641
0.0008907318115234375
0.000885009765625
0.0008869171142578125
0.0008871555328369141
0.0008881092071533203
0.0008869171142578125
0.0008914470672607422
0.0008878707885742188
0.0008928775787353516
0.0008978843688964844
0.0008912086486816406
0.0008928775787353516
0.0008859634399414062
0.0008835792541503906
0.0008912086486816406
0.0008935928344726562
0.00089263916015625
0.0008876323699951172
0.0008900165557861328
0.000888824462890625
0.0008912086486816406
0.0008974075317382812
0.0008995532989501953
0.0008950233459472656
0.0008916854858398438
0.0008995532989501953
0.00089263916015625
0.0008852481842041016
0.0008862018585205078
0.0008833408355712891
0.0008931159973144531
0.000885009765625
0.000888824462890625
0.0008842945098876953
0.0008852481842041016
0.0008807182312011719
0.0008873939514160156
0.0008916854858398438
0.0008885860443115234
0.0008821487426757812
0.0008950233459472656
0.0008890628814697266
0.0008833408355712891
0.0008838176727294922
0.0008864402770996094
0.0008859634399414062
0.0008904933929443359
0.0009045600891113281
0.000896453857421875
0.0009038448333740234
0.0008919239044189453
0.000885009765625
0.000881195068359375
0.0008864402770996094
0.0008947849273681641
0.0008878707885742188
0.0008823871612548828
0.0008862018585205078
0.000888824462890625
0.0008916854858398438
0.0008876323699951172
0.0008842945098876953
0.0008840560913085938
0.0008847713470458984
0.0008938312530517578
0.0008866786956787109
0.0008912086486816406
0.0008869171142578125
0.0008950233459472656
0.0009100437164306641
0.0008924007415771484
0.0008921623229980469
0.0009100437164306641
0.0008814334869384766
0.0008912086486816406
0.0008871555328369141
0.0008876323699951172
0.0008931159973144531
0.0008857250213623047
0.0008873939514160156
0.0008871555328369141
0.0008924007415771484
0.0008947849273681641
0.0008931159973144531
0.0008852481842041016
0.000896453857421875
0.0008871555328369141
0.0008878707885742188
0.00089263916015625
0.0008900165557861328
0.0008893013000488281
0.0008866786956787109
0.0008876323699951172
0.0008997917175292969
0.0008997917175292969
0.0008931159973144531
0.0009076595306396484
0.0009052753448486328
0.0008816719055175781
0.0008826255798339844
0.0008924007415771484
0.000888824462890625
0.0008864402770996094
0.0008816719055175781
0.0008893013000488281
0.0008912086486816406
0.0008821487426757812
0.0008933544158935547
0.0008835792541503906
0.0008907318115234375
0.0008826255798339844
0.0008933544158935547
0.0008916854858398438
0.0008904933929443359
0.0008893013000488281
0.0008854866027832031
0.0008831024169921875
0.0008993148803710938
0.0009012222290039062
0.0009138584136962891
0.00089263916015625
0.0008959770202636719
0.0008909702301025391
0.0008950233459472656
0.0008924007415771484
0.0008840560913085938
0.0008885860443115234
0.0008864402770996094
0.0008873939514160156
0.0008845329284667969
0.0008876323699951172
0.0008857250213623047
0.0008847713470458984
0.0008862018585205078
0.0008835792541503906
0.000885009765625
0.0008914470672607422
0.0008852481842041016
0.0008821487426757812
0.0008845329284667969
0.0008869171142578125
0.0008988380432128906
0.0008995532989501953
0.0008871555328369141
0.0008985996246337891
0.0008933544158935547
0.0009036064147949219
0.0008924007415771484
0.0008893013000488281
0.0008935928344726562
0.0008835792541503906
0.0008859634399414062
0.0008945465087890625
0.0008900165557861328
0.0008862018585205078
0.0008878707885742188
0.0008859634399414062
0.0008876323699951172
0.0008895397186279297
0.0008919239044189453
0.0008828639984130859
0.0008852481842041016
0.0008842945098876953
0.0008876323699951172
0.0008921623229980469
0.0008897781372070312
0.0008947849273681641
0.00089263916015625
0.0008914470672607422
0.0008854866027832031
0.0008852481842041016
0.0008938312530517578
0.0008895397186279297
0.000888824462890625
0.0008966922760009766
0.0008900165557861328
0.0008938312530517578
0.0008876323699951172
0.0008864402770996094
0.00089263916015625
0.0008914470672607422
0.0008847713470458984
0.0008862018585205078
0.0008833408355712891
0.00089263916015625
0.00089263916015625
0.0008890628814697266
0.000881195068359375
0.0008945465087890625
0.0008952617645263672
0.0008933544158935547
0.0008974075317382812
0.000896453857421875
0.0008819103240966797
0.0008924007415771484
0.000885009765625
0.0008931159973144531
0.0008890628814697266
0.0008840560913085938
0.0008840560913085938
0.0008823871612548828
0.0008883476257324219
0.0008938312530517578
0.0008864402770996094
0.0008881092071533203
0.0008859634399414062
0.0008869171142578125
0.0008842945098876953
0.0008871555328369141
0.0008838176727294922
0.0008902549743652344
0.0008995532989501953
0.0008971691131591797
0.0008995532989501953
0.0008816719055175781
0.0008828639984130859
0.0008945465087890625
0.0008869171142578125
0.000885009765625
0.0008823871612548828
0.0008864402770996094
0.0008840560913085938
0.0008893013000488281
0.0008904933929443359
0.0008785724639892578
0.0008869171142578125
0.0008876323699951172
0.0008931159973144531
0.0008959770202636719
0.0008878707885742188
0.0008924007415771484
0.0009024143218994141
0.0008952617645263672
0.0009005069732666016
0.0009069442749023438
0.0008931159973144531
0.0008807182312011719
0.0008955001831054688
0.0008881092071533203
0.0008854866027832031
0.0008816719055175781
0.0008838176727294922
0.0008845329284667969
0.000888824462890625
0.0008840560913085938
0.0008893013000488281
0.0008835792541503906
0.0008881092071533203
0.0008864402770996094
0.0008909702301025391
0.000885009765625
0.0008833408355712891
0.0008924007415771484
0.0008859634399414062
0.0009057521820068359
0.0008952617645263672
0.0008938312530517578
0.0009076595306396484
0.0008909702301025391
0.0008804798126220703
0.0008878707885742188
0.0008878707885742188
0.0008833408355712891
0.0008914470672607422
0.0008854866027832031
0.0008893013000488281
0.0008924007415771484
0.0008943080902099609
0.0008828639984130859
0.0008826255798339844
0.0008933544158935547
0.0008876323699951172
0.0008933544158935547
0.0008838176727294922
0.0008928775787353516
0.0008842945098876953
0.0008916854858398438
0.0008969306945800781
0.0008993148803710938
0.0008974075317382812
0.0008955001831054688
0.0009140968322753906
0.0008897781372070312
0.0008838176727294922
0.0008924007415771484
0.0008842945098876953
0.0008807182312011719
0.0008866786956787109
0.0008893013000488281
0.0009136199951171875
0.0008912086486816406
0.0009033679962158203
0.0008869171142578125
0.0008883476257324219
0.0008873939514160156
0.0008931159973144531
0.0009336471557617188
0.0008912086486816406
0.0008904933929443359
0.0008919239044189453
0.0008900165557861328
0.0008862018585205078
0.0008895397186279297
0.0008840560913085938
0.0008852481842041016
0.0008854866027832031
0.0008871555328369141
0.0008873939514160156
0.0008895397186279297
0.0009024143218994141
0.0008866786956787109
0.0008902549743652344
0.0009138584136962891
0.0008962154388427734
0.0008935928344726562
0.0008909702301025391
0.0008840560913085938
0.0008804798126220703
0.0008823871612548828
0.0008826255798339844
0.0008883476257324219
0.0008866786956787109
0.0008831024169921875
0.0008866786956787109
0.0008914470672607422
0.0008950233459472656
0.0008835792541503906
0.0008924007415771484
0.0008883476257324219
0.0008828639984130859
0.0008902549743652344
0.0008885860443115234
0.0008909702301025391
0.0008959770202636719
0.0008978843688964844
0.000904083251953125
0.0008928775787353516
0.0008847713470458984
0.0008890628814697266
0.0008854866027832031
0.0008940696716308594
0.0008869171142578125
0.0008864402770996094
0.0008890628814697266
0.0008873939514160156
0.0008833408355712891
0.0008857250213623047
0.0008895397186279297
0.0008878707885742188
0.00089263916015625
0.0008835792541503906
0.0008814334869384766
0.0008916854858398438
0.0008862018585205078
0.0008938312530517578
0.0008966922760009766
0.0008893013000488281
0.0008912086486816406
0.0009043216705322266
0.0008895397186279297
0.0008864402770996094
0.0008857250213623047
0.0008864402770996094
0.0009064674377441406
0.0009028911590576172
0.0008995532989501953
0.0008971691131591797
0.0008943080902099609
0.0008976459503173828
0.0008914470672607422
0.0008943080902099609
0.0008957386016845703
0.0009012222290039062
0.0008959770202636719
0.0009019374847412109
0.0008950233459472656
0.0008924007415771484
0.0008885860443115234
0.0008909702301025391
0.0008916854858398438
0.0008885860443115234
0.0008819103240966797
0.0008912086486816406
0.0008845329284667969
0.0008900165557861328
0.0008902549743652344
0.0008823871612548828
0.0008947849273681641
0.0008895397186279297
0.0008959770202636719
0.0009005069732666016
0.0008866786956787109
0.0008876323699951172
0.0008857250213623047
0.000888824462890625
0.0008909702301025391
0.0008835792541503906
0.0008931159973144531
0.0008876323699951172
0.0008890628814697266
0.0008871555328369141
0.0008854866027832031
0.0008845329284667969
0.0008885860443115234
0.0008876323699951172
0.0008869171142578125
0.0008821487426757812
0.0008916854858398438
0.0008804798126220703
0.0008902549743652344
0.0008981227874755859
0.00089263916015625
0.00089263916015625
0.0008931159973144531
0.0009036064147949219
0.0008871555328369141
0.0008838176727294922
0.0008854866027832031
0.0008840560913085938
0.0008845329284667969
0.0008902549743652344
0.0008912086486816406
0.0008890628814697266
0.0008809566497802734
0.0008807182312011719
0.0008897781372070312
0.0008928775787353516
0.0008904933929443359
0.0008902549743652344
0.0008838176727294922
0.0009675025939941406
0.0008885860443115234
0.0008912086486816406
0.0008885860443115234
0.0008978843688964844
0.0008971691131591797
0.0008940696716308594
0.0008876323699951172
0.0008902549743652344
0.0008862018585205078
0.0008881092071533203
0.0008885860443115234
0.0008909702301025391
0.0008876323699951172
0.0008919239044189453
0.0008857250213623047
0.0008821487426757812
0.0008847713470458984
0.0008890628814697266
0.0008838176727294922
0.0008904933929443359
0.0008866786956787109
0.0008823871612548828
0.0008831024169921875
0.0008847713470458984
0.0008928775787353516
0.0008897781372070312
0.0008983612060546875
0.0008938312530517578
0.0008873939514160156
0.0008931159973144531
0.0008931159973144531
0.000888824462890625
0.0008857250213623047
0.000881195068359375
0.0008933544158935547
0.0008885860443115234
0.00089263916015625
0.0008869171142578125
0.0008859634399414062
0.0008852481842041016
0.0008907318115234375
0.0008885860443115234
0.00089263916015625
0.0008852481842041016
0.0008819103240966797
0.000885009765625
0.0008866786956787109
0.0008912086486816406
0.0009057521820068359
0.0008988380432128906
0.0008943080902099609
0.0008928775787353516
0.000885009765625
0.0008833408355712891
0.0008883476257324219
0.0008895397186279297
0.0008862018585205078
0.0008847713470458984
0.0008950233459472656
0.0008862018585205078
0.0008864402770996094
0.0008847713470458984
0.0008876323699951172
0.0008809566497802734
0.00089263916015625
0.0008881092071533203
0.0008897781372070312
0.0008876323699951172
0.0008919239044189453
0.0008962154388427734
0.0008924007415771484
0.0008997917175292969
0.0008947849273681641
0.000885009765625
0.0008883476257324219
0.0008914470672607422
0.0008821487426757812
0.0008885860443115234
0.0008907318115234375
0.0008838176727294922
0.0008921623229980469
0.0008921623229980469
0.0008862018585205078
0.0008842945098876953
0.0008873939514160156
0.0008819103240966797
0.000885009765625
0.0008955001831054688
0.0008924007415771484
0.0008842945098876953
0.0008819103240966797
0.0008842945098876953
0.0009009838104248047
0.0008966922760009766
0.0008981227874755859
0.0008988380432128906
0.0008873939514160156
0.0008883476257324219
0.0008935928344726562
0.0008904933929443359
0.0008854866027832031
0.0008857250213623047
0.0008904933929443359
0.000881195068359375
0.0008862018585205078
0.0008816719055175781
0.0008914470672607422
0.0008895397186279297
0.0008845329284667969
0.0008878707885742188
0.0008912086486816406
0.0008866786956787109
0.0008800029754638672
0.0008931159973144531
0.0008881092071533203
0.0008919239044189453
0.0009033679962158203
0.0008945465087890625
0.0008931159973144531
0.0008988380432128906
0.0008852481842041016
0.0008916854858398438
0.0008838176727294922
0.0008866786956787109
0.0008890628814697266
0.0008873939514160156
0.0008895397186279297
0.000885009765625
0.0008821487426757812
0.0008828639984130859
0.0008854866027832031
0.00089263916015625
0.0008809566497802734
0.000881195068359375
0.000885009765625
0.0008826255798339844
0.0008869171142578125
0.0008847713470458984
0.000904083251953125
0.0008885860443115234
0.0008978843688964844
0.0008950233459472656
0.0008900165557861328
0.0008921623229980469
0.0008852481842041016
0.0008909702301025391
0.0008847713470458984
0.0008823871612548828
0.0008902549743652344
0.0008845329284667969
0.0008897781372070312
0.0008885860443115234
0.0008902549743652344
0.0008845329284667969
0.0008940696716308594
0.0008835792541503906
0.0008852481842041016
0.0008928775787353516
0.0008943080902099609
0.0008857250213623047
0.0008900165557861328
0.0009043216705322266
0.0008900165557861328
0.0008952617645263672
0.0008940696716308594
0.0008823871612548828
0.0008885860443115234
0.0008816719055175781
0.0008919239044189453
0.0008890628814697266
0.000896453857421875
0.0008869171142578125
0.00089263916015625
0.0008881092071533203
0.0008859634399414062
0.0008878707885742188
0.00089263916015625
0.0008819103240966797
0.0008873939514160156
0.0008921623229980469
0.0008881092071533203
0.0008921623229980469
0.0008842945098876953
0.0008943080902099609
0.0008921623229980469
0.0008955001831054688
0.0008985996246337891
0.0008985996246337891
0.0008842945098876953
0.000881195068359375
0.00089263916015625
0.0008897781372070312
0.0008916854858398438
0.0008854866027832031
0.0008862018585205078
0.0008864402770996094
0.0008950233459472656
0.0008914470672607422
0.0008814334869384766
0.0008900165557861328
0.0008866786956787109
0.0008895397186279297
0.0008919239044189453
0.0008885860443115234
0.0008935928344726562
0.0009021759033203125
0.0009002685546875
0.0008985996246337891
0.0008990764617919922
0.0008997917175292969
0.0009036064147949219
0.0008854866027832031
0.0008876323699951172
0.0008893013000488281
0.0008912086486816406
0.0008802413940429688
0.0008864402770996094
0.0008866786956787109
0.0008928775787353516
0.0008933544158935547
0.0008919239044189453
0.0008835792541503906
0.0008842945098876953
0.0008852481842041016
0.0008878707885742188
0.0008938312530517578
0.0008881092071533203
0.0008885860443115234
0.0008893013000488281
0.0008869171142578125
0.0008950233459472656
0.0008957386016845703
0.0009090900421142578
0.0008971691131591797
0.0009026527404785156
0.0008974075317382812
0.0008893013000488281
0.0008862018585205078
0.0008873939514160156
0.0008857250213623047
0.0008847713470458984
0.0008866786956787109
0.0008883476257324219
0.0008943080902099609
0.0008962154388427734
0.0008821487426757812
0.0008838176727294922
0.0008862018585205078
0.0008928775787353516
0.0008814334869384766
0.0008859634399414062
0.0008864402770996094
0.0008916854858398438
0.0008840560913085938
0.0008883476257324219
0.0008993148803710938
0.0008995532989501953
0.0009081363677978516
0.0008985996246337891
0.0008928775787353516
0.0009028911590576172
0.0008904933929443359
0.0008859634399414062
0.0008842945098876953
0.0008828639984130859
0.0008862018585205078
0.0008893013000488281
0.0008881092071533203
0.0008873939514160156
0.0008854866027832031
0.0008828639984130859
0.0008933544158935547
0.0008931159973144531
0.0008916854858398438
0.0008862018585205078
0.000888824462890625
0.0008933544158935547
0.0008971691131591797
0.0008902549743652344
0.0009052753448486328
0.0008938312530517578
0.0008904933929443359
0.0008993148803710938
0.0009033679962158203
0.0008928775787353516
0.0008864402770996094
0.0008931159973144531
0.0008883476257324219
0.000885009765625
0.0008919239044189453
0.0008873939514160156
0.000888824462890625
0.0008859634399414062
0.0008802413940429688
0.0010411739349365234
0.0008883476257324219
0.0008962154388427734
0.0008924007415771484
0.00089263916015625
0.0008945465087890625
0.0008842945098876953
0.0008831024169921875
0.0008845329284667969
0.0008928775787353516
0.0009069442749023438
0.0008935928344726562
0.0008900165557861328
0.0008854866027832031
0.0008823871612548828
0.0008859634399414062
0.0008838176727294922
0.0008847713470458984
0.0008852481842041016
0.0008916854858398438
0.0008826255798339844
0.0008852481842041016
0.0008821487426757812
0.0008924007415771484
0.0008873939514160156
0.0008895397186279297
0.0008864402770996094
0.000896453857421875
0.000885009765625
0.000888824462890625
0.0008931159973144531
0.0008862018585205078
0.0008921623229980469
0.0008916854858398438
0.0008947849273681641
0.0009047985076904297
0.0008924007415771484
0.0008931159973144531
0.0008916854858398438
0.0008947849273681641
0.0008838176727294922
0.0008885860443115234
0.0008885860443115234
0.0008876323699951172
0.0008862018585205078
0.0008816719055175781
0.0008840560913085938
0.0008928775787353516
0.0008900165557861328
0.0008878707885742188
0.0008971691131591797
0.0008814334869384766
0.0008940696716308594
0.0008950233459472656
0.000896453857421875
0.0008907318115234375
0.0008924007415771484
0.0008895397186279297
0.0009069442749023438
0.000896453857421875
0.0008938312530517578
0.0008962154388427734
0.0009129047393798828
0.0008845329284667969
0.0008859634399414062
0.0008943080902099609
0.0008928775787353516
0.0008907318115234375
0.0008823871612548828
0.0008928775787353516
0.0008921623229980469
0.0008873939514160156
0.0008857250213623047
0.0008831024169921875
0.0008857250213623047
0.0008919239044189453
0.0008881092071533203
0.0008816719055175781
0.0008974075317382812
0.0009093284606933594
0.0008966922760009766
0.0008959770202636719
0.0008816719055175781
0.0008893013000488281
0.0008902549743652344
0.0008838176727294922
0.0008876323699951172
0.0008809566497802734
0.0008885860443115234
0.0008857250213623047
0.0008838176727294922
0.0008919239044189453
0.0008885860443115234
0.0008826255798339844
0.0008876323699951172
0.0008895397186279297
0.0009038448333740234
0.0008976459503173828
0.0009016990661621094
0.0009031295776367188
0.0008966922760009766
0.00090789794921875
0.0008831024169921875
0.0008859634399414062
0.0008924007415771484
0.0008833408355712891
0.0008909702301025391
0.0008897781372070312
0.0008928775787353516
0.0008871555328369141
0.0008916854858398438
0.0008900165557861328
0.0008873939514160156
0.0008895397186279297
0.0008831024169921875
0.0008883476257324219
0.0008883476257324219
0.0008883476257324219
0.0008904933929443359
0.0008895397186279297
0.0008876323699951172
0.0008935928344726562
0.0008933544158935547
0.0009088516235351562
0.0008978843688964844
0.0008900165557861328
0.0008971691131591797
0.0008981227874755859
0.0008857250213623047
0.0008883476257324219
0.000888824462890625
0.000888824462890625
0.0008885860443115234
0.000888824462890625
0.0008838176727294922
0.0008814334869384766
0.0008840560913085938
0.0008921623229980469
0.0008893013000488281
0.0008921623229980469
0.0008840560913085938
0.0008866786956787109
0.0008864402770996094
0.0008914470672607422
0.0008873939514160156
0.0008881092071533203
0.0008881092071533203
0.0009045600891113281
0.0008900165557861328
0.0008940696716308594
0.0008857250213623047
0.0008859634399414062
0.0008804798126220703
0.0008845329284667969
0.0008902549743652344
0.0008866786956787109
0.0008866786956787109
0.000888824462890625
0.000888824462890625
0.0008878707885742188
0.0008831024169921875
0.0008840560913085938
0.0008914470672607422
0.0008881092071533203
0.0008938312530517578
0.0008833408355712891
0.0008902549743652344
0.0009002685546875
0.0008959770202636719
0.0008928775787353516
0.0008952617645263672
0.0008838176727294922
0.0008857250213623047
0.0008883476257324219
0.0008935928344726562
0.0008933544158935547
0.0008833408355712891
0.0008864402770996094
0.0008885860443115234
0.0008854866027832031
0.0008909702301025391
0.000885009765625
0.00089263916015625
0.0008871555328369141
0.0008852481842041016
0.0008871555328369141
0.0008900165557861328
0.0008809566497802734
0.0008907318115234375
0.0008857250213623047
0.0009109973907470703
0.0008940696716308594
0.0008988380432128906
0.0008938312530517578
0.0009009838104248047
0.0008859634399414062
0.0008869171142578125
0.0008866786956787109
0.0008831024169921875
0.0008807182312011719
0.0008916854858398438
0.0008840560913085938
0.0008814334869384766
0.0008833408355712891
0.0008864402770996094
0.0008864402770996094
0.0008862018585205078
0.0008873939514160156
0.0008814334869384766
0.0008962154388427734
0.0008969306945800781
0.0009028911590576172
0.0008900165557861328
0.0008950233459472656
0.0008907318115234375
0.0008928775787353516
0.0008862018585205078
0.0008866786956787109
0.0008885860443115234
0.0008845329284667969
0.0008907318115234375
0.0008864402770996094
0.0008914470672607422
0.0008916854858398438
0.0008947849273681641
0.0008852481842041016
0.0008876323699951172
0.0009014606475830078
0.0008981227874755859
0.0008978843688964844
0.0008988380432128906
0.0008928775787353516
0.0008928775787353516
0.0008988380432128906
0.0009000301361083984
0.0008943080902099609
0.0008909702301025391
0.0009000301361083984
0.0008938312530517578
0.0008988380432128906
0.0008935928344726562
0.0008902549743652344
0.0008878707885742188
0.0008904933929443359
0.0008819103240966797
0.0008885860443115234
0.0008907318115234375
0.0008871555328369141
0.000888824462890625
0.0008862018585205078
0.0008921623229980469
0.0008952617645263672
0.0008885860443115234
0.0008831024169921875
0.0008859634399414062
0.0008947849273681641
0.0008890628814697266
0.0008838176727294922
0.000888824462890625
0.0008931159973144531
0.0008957386016845703
0.0008907318115234375
0.0008957386016845703
0.0008921623229980469
0.0008955001831054688
0.0008990764617919922
0.0009031295776367188
0.0008921623229980469
0.0008847713470458984
0.0008943080902099609
0.0008854866027832031
0.0008897781372070312
0.0008938312530517578
0.0008909702301025391
0.0008819103240966797
0.0008866786956787109
0.0008893013000488281
0.0008852481842041016
0.0008947849273681641
0.0008833408355712891
0.0008931159973144531
0.0008838176727294922
0.0008854866027832031
0.0008914470672607422
0.0008885860443115234
0.0009055137634277344
0.0008890628814697266
0.0008988380432128906
0.0008959770202636719
0.0008912086486816406
0.0008835792541503906
0.0008847713470458984
0.000885009765625
0.0008885860443115234
0.0008854866027832031
0.0008833408355712891
0.0008797645568847656
0.0008814334869384766
0.0008883476257324219
0.0008885860443115234
0.0008902549743652344
0.0008895397186279297
0.0008873939514160156
0.0008838176727294922
0.0008864402770996094
0.0008852481842041016
0.0008985996246337891
0.0008997917175292969
0.0008985996246337891
0.00089263916015625
0.0008995532989501953
0.0008876323699951172
0.0008809566497802734
0.0008921623229980469
0.0008881092071533203
0.0008876323699951172
0.0008826255798339844
0.0008838176727294922
0.0008933544158935547
0.0008857250213623047
0.0008873939514160156
0.0008831024169921875
0.0008816719055175781
0.0008919239044189453
0.0008857250213623047
0.0008842945098876953
0.001859426498413086
0.0009043216705322266
0.0009033679962158203
0.0009064674377441406
0.0008990764617919922
0.0008962154388427734
0.0009021759033203125
0.0009114742279052734
0.0008947849273681641
0.0009028911590576172
0.0008990764617919922
0.0008924007415771484
0.0008869171142578125
0.0009000301361083984
0.0008909702301025391
0.0009257793426513672
0.0008990764617919922
0.0008971691131591797
0.0008890628814697266
0.0008921623229980469
0.0008931159973144531
0.0009014606475830078
0.0009031295776367188
0.0009472370147705078
0.0008919239044189453
0.0008945465087890625
0.0008916854858398438
0.0009014606475830078
0.0008976459503173828
0.0008912086486816406
0.0008931159973144531
0.0009102821350097656
0.0009002685546875
0.0008919239044189453
0.0008959770202636719
0.0008866786956787109
0.0008900165557861328
0.0008978843688964844
0.0008947849273681641
0.0008966922760009766
0.0009114742279052734
0.0008866786956787109
0.0008890628814697266
0.0008919239044189453
0.0009098052978515625
0.0009000301361083984
0.0008978843688964844
0.0008947849273681641
0.0009169578552246094
0.0008962154388427734
0.0008864402770996094
0.0008859634399414062
0.0008890628814697266
0.0008943080902099609
0.0008945465087890625
0.0008938312530517578
0.0009262561798095703
0.0008959770202636719
0.0008952617645263672
0.0008978843688964844
0.0008988380432128906
0.0008883476257324219
0.0008895397186279297
0.0008890628814697266
0.0008893013000488281
0.0009133815765380859
0.0009233951568603516
0.0009074211120605469
0.0008974075317382812
0.0009002685546875
0.0008945465087890625
0.0008897781372070312
0.0009021759033203125
0.0009169578552246094
0.0008940696716308594
0.0008993148803710938
0.0008914470672607422
0.0008950233459472656
0.0008862018585205078
0.0008907318115234375
0.0008962154388427734
0.0009272098541259766
0.0008909702301025391
0.0008921623229980469
0.0008935928344726562
0.0008993148803710938
0.0008852481842041016
0.0008845329284667969
0.0008959770202636719
0.0009152889251708984
0.0008912086486816406
0.0009028911590576172
0.00089263916015625
0.0009062290191650391
0.0009012222290039062
0.0008890628814697266
0.0008900165557861328
0.0008871555328369141
0.0008990764617919922
0.0008969306945800781
0.0008852481842041016
0.0008904933929443359
0.0008909702301025391
0.0008883476257324219
0.0008864402770996094
0.0008924007415771484
0.0009093284606933594
0.0008883476257324219
0.0008871555328369141
0.0008876323699951172
0.0008943080902099609
0.000888824462890625
0.0008876323699951172
0.0008978843688964844
0.00092315673828125
0.0008976459503173828
0.0009002685546875
0.0008852481842041016
0.0008907318115234375
0.0008988380432128906
0.0008893013000488281
0.0008945465087890625
0.0009076595306396484
0.0008938312530517578
0.0008931159973144531
0.0008912086486816406
0.0008969306945800781
0.0008921623229980469
0.0008945465087890625
0.0008981227874755859
0.0008890628814697266
0.0009098052978515625
0.0008859634399414062
0.0009169578552246094
0.0009016990661621094
0.00089263916015625
0.0009057521820068359
0.0009038448333740234
0.0008952617645263672
0.0009179115295410156
0.0008871555328369141
0.0008907318115234375
0.0008947849273681641
0.0008869171142578125
0.0008854866027832031
0.0008974075317382812
0.0008945465087890625
0.0009129047393798828
0.0008945465087890625
0.0008928775787353516
0.0008924007415771484
0.0008952617645263672
0.0008904933929443359
0.0008902549743652344
0.0008907318115234375
0.00089263916015625
0.0009126663208007812
0.0008976459503173828
0.0009045600891113281
0.0008940696716308594
0.000911712646484375
0.0008971691131591797
0.0008862018585205078
0.0008945465087890625
0.0009486675262451172
0.0008852481842041016
0.0008893013000488281
0.0008962154388427734
0.0008983612060546875
0.000888824462890625
0.0008914470672607422
0.0008878707885742188
0.0008974075317382812
0.0008871555328369141
0.0008988380432128906
0.0008940696716308594
0.0008864402770996094
0.0008890628814697266
0.0008881092071533203
0.0008940696716308594
0.0008819103240966797
0.0008895397186279297
0.0008909702301025391
0.0008924007415771484
0.000888824462890625
0.0008869171142578125
0.0008857250213623047
0.0008924007415771484
0.0008876323699951172
0.0008866786956787109
0.0008866786956787109
0.0008833408355712891
0.0008947849273681641
0.0008916854858398438
0.0008940696716308594
0.0008945465087890625
0.0008902549743652344
0.0008916854858398438
0.0008876323699951172
0.0008907318115234375
0.0008823871612548828
0.0008859634399414062
0.0008862018585205078
0.0008914470672607422
0.0008976459503173828
0.0008997917175292969
0.0008978843688964844
0.0008931159973144531
0.0009021759033203125
0.0008890628814697266
0.0008881092071533203
0.0008893013000488281
0.0008866786956787109
0.0008900165557861328
0.0008890628814697266
0.0008814334869384766
0.0008854866027832031
0.0008873939514160156
0.000885009765625
0.0008826255798339844
0.0008833408355712891
0.0008928775787353516
0.0008985996246337891
0.0008993148803710938
0.0008900165557861328
0.0009057521820068359
0.0008833408355712891
0.0008828639984130859
0.0008840560913085938
0.0008947849273681641
0.0008904933929443359
0.0008900165557861328
0.000885009765625
0.0008840560913085938
0.0008871555328369141
0.0008909702301025391
0.0008878707885742188
0.0008869171142578125
0.0008842945098876953
0.0008876323699951172
0.0008873939514160156
0.0008840560913085938
0.0008938312530517578
0.0008971691131591797
0.0008900165557861328
0.0009090900421142578
0.0008957386016845703
0.0008952617645263672
0.0008924007415771484
0.0008890628814697266
0.0008876323699951172
0.0008838176727294922
0.0008900165557861328
0.0008862018585205078
0.0008919239044189453
0.0008854866027832031
0.0008883476257324219
0.0008919239044189453
0.0008881092071533203
0.0008862018585205078
0.0008909702301025391
0.0008873939514160156
0.0008950233459472656
0.0008883476257324219
0.0008921623229980469
0.0009012222290039062
0.0008914470672607422
0.0009002685546875
0.0009016990661621094
0.0008935928344726562
0.0008878707885742188
0.000885009765625
0.0008955001831054688
0.0008919239044189453
0.000885009765625
0.0008935928344726562
0.0008873939514160156
0.0008885860443115234
0.0008904933929443359
0.0008902549743652344
0.0008914470672607422
0.0008950233459472656
0.0008835792541503906
0.0008907318115234375
0.0008947849273681641
0.0008871555328369141
0.0008876323699951172
0.0008881092071533203
0.0008838176727294922
0.0008959770202636719
0.0008985996246337891
0.0008940696716308594
0.0008912086486816406
0.0008909702301025391
0.0008857250213623047
0.0008881092071533203
0.0008919239044189453
0.0008904933929443359
0.0008931159973144531
0.0008869171142578125
0.0008871555328369141
0.00089263916015625
0.0008893013000488281
0.0008857250213623047
0.0008842945098876953
0.0008914470672607422
0.0008826255798339844
0.0008909702301025391
0.0008876323699951172
0.0008854866027832031
0.0008890628814697266
0.0008881092071533203
0.0009021759033203125
0.0008981227874755859
0.0008933544158935547
0.0008907318115234375
0.0009002685546875
0.0008864402770996094
0.0008955001831054688
0.0008852481842041016
0.0008940696716308594
0.000885009765625
0.0008919239044189453
0.0008950233459472656
0.00089263916015625
0.0008876323699951172
0.0008878707885742188
0.0008909702301025391
0.0008893013000488281
0.0008897781372070312
0.0008854866027832031
0.0008833408355712891
0.0008881092071533203
0.0008857250213623047
0.0008895397186279297
0.000888824462890625
0.0009055137634277344
0.0008952617645263672
0.0008921623229980469
0.0008995532989501953
0.0008983612060546875
0.0008921623229980469
0.0008907318115234375
0.0008831024169921875
0.0008862018585205078
0.0008916854858398438
0.0008916854858398438
0.0008931159973144531
0.0008864402770996094
0.0008890628814697266
0.0008866786956787109
0.00089263916015625
0.0008878707885742188
0.0008885860443115234
0.0008935928344726562
0.0008866786956787109
0.0008952617645263672
0.0008959770202636719
0.0009202957153320312
0.0008900165557861328
0.0008935928344726562
0.0008933544158935547
0.0008978843688964844
0.0008933544158935547
0.0008859634399414062
0.0008819103240966797
0.0008893013000488281
0.0008916854858398438
0.0008828639984130859
0.0008931159973144531
0.0008869171142578125
0.0008852481842041016
0.0016274452209472656
0.000904083251953125
0.0008985996246337891
0.0008969306945800781
0.0008935928344726562
0.000904083251953125
0.0009224414825439453
0.0008957386016845703
0.0009019374847412109
0.0009036064147949219
0.0008866786956787109
0.0008909702301025391
0.0008866786956787109
0.0008983612060546875
0.0009233951568603516
0.0008990764617919922
0.0008881092071533203
0.0008852481842041016
0.0008869171142578125
0.0008924007415771484
0.0008943080902099609
0.0008955001831054688
0.0009267330169677734
0.0008959770202636719
0.0008993148803710938
0.0008933544158935547
0.0008952617645263672
0.0008895397186279297
0.0008897781372070312
0.0009062290191650391
0.0009279251098632812
0.0009083747863769531
0.0008931159973144531
0.0008995532989501953
0.000885009765625
0.0008883476257324219
0.0008928775787353516
0.0008890628814697266
0.0008950233459472656
0.0009026527404785156
0.0008907318115234375
0.0008873939514160156
0.0008847713470458984
0.0008919239044189453
0.0008907318115234375
0.0008902549743652344
0.0008988380432128906
0.0009152889251708984
0.0008983612060546875
0.0008907318115234375
0.0008857250213623047
0.0008826255798339844
0.0008997917175292969
0.0009140968322753906
0.0008988380432128906
0.0009393692016601562
0.0008921623229980469
0.0008881092071533203
0.0008988380432128906
0.0008900165557861328
0.0008881092071533203
0.0008873939514160156
0.0008981227874755859
0.0009219646453857422
0.0009069442749023438
0.0008873939514160156
0.0008969306945800781
0.0008950233459472656
0.0008928775787353516
0.0009009838104248047
0.0008947849273681641
0.0009112358093261719
0.0009427070617675781
0.0009133815765380859
0.0008935928344726562
0.0009005069732666016
0.0009095668792724609
0.0008931159973144531
0.0008993148803710938
0.0015213489532470703
0.0008971691131591797
0.000888824462890625
0.0008904933929443359
0.0008895397186279297
0.0008938312530517578
0.0008952617645263672
0.0008895397186279297
0.0008900165557861328
0.0008873939514160156
0.0008840560913085938
0.0008864402770996094
0.0008945465087890625
0.0008952617645263672
0.0008959770202636719
0.0008966922760009766
0.0008859634399414062
0.0008852481842041016
0.0008878707885742188
0.0008893013000488281
0.0008838176727294922
0.0008904933929443359
0.0008833408355712891
0.0008933544158935547
0.0008771419525146484
0.0008895397186279297
0.0008883476257324219
0.0008866786956787109
0.0008909702301025391
0.000888824462890625
0.0008885860443115234
0.0008804798126220703
0.0008821487426757812
0.0008859634399414062
0.0008869171142578125
0.0008976459503173828
0.0008945465087890625
0.0008950233459472656
0.0009043216705322266
0.0008909702301025391
0.0008921623229980469
0.0008840560913085938
0.000881195068359375
0.0008916854858398438
0.0008916854858398438
0.00089263916015625
0.0008826255798339844
0.0008842945098876953
0.0008871555328369141
0.0008842945098876953
0.0008866786956787109
0.0008866786956787109
0.0008819103240966797
0.0008873939514160156
0.0008864402770996094
0.0008957386016845703
0.0008904933929443359
0.0008938312530517578
0.0009005069732666016
0.0008933544158935547
0.000888824462890625
0.0008995532989501953
0.0009009838104248047
0.0009112358093261719
0.0008845329284667969
0.0008914470672607422
0.0008935928344726562
0.0008971691131591797
0.0008895397186279297
0.0008912086486816406
0.0008833408355712891
0.0008881092071533203
0.0008809566497802734
0.0008852481842041016
0.000881195068359375
0.0008809566497802734
0.0008959770202636719
0.0008840560913085938
0.0008873939514160156
0.0008904933929443359
0.0008890628814697266
0.0008866786956787109
0.0008957386016845703
0.00089263916015625
0.0008921623229980469
0.0008957386016845703
0.0008897781372070312
0.0009059906005859375
0.0008933544158935547
0.000885009765625
0.0008871555328369141
0.0008933544158935547
0.0008876323699951172
0.0008847713470458984
0.000881195068359375
0.0008916854858398438
0.0008866786956787109
0.0008878707885742188
0.0008857250213623047
0.0008873939514160156
0.0008802413940429688
0.0008847713470458984
0.0008907318115234375
0.0008916854858398438
0.0008866786956787109
0.0008893013000488281
0.0008864402770996094
0.0009052753448486328
0.0009021759033203125
0.00089263916015625
0.0008857250213623047
0.0009026527404785156
0.0008885860443115234
0.0008940696716308594
0.0008885860443115234
0.0008842945098876953
0.0008862018585205078
0.0008831024169921875
0.000885009765625
0.0008938312530517578
0.0008883476257324219
0.0008871555328369141
0.0008831024169921875
0.0008881092071533203
0.0008857250213623047
0.0008916854858398438
0.0008938312530517578
0.0008876323699951172
0.0008907318115234375
0.000885009765625
0.0009152889251708984
0.0008945465087890625
0.0008959770202636719
0.0008904933929443359
0.0008854866027832031
0.0008838176727294922
0.0008885860443115234
0.0008897781372070312
0.0008871555328369141
0.0008845329284667969
0.0008802413940429688
0.0008957386016845703
0.0008857250213623047
0.0008873939514160156
0.0008940696716308594
0.0008885860443115234
0.0008897781372070312
0.0008883476257324219
0.0008852481842041016
0.0008840560913085938
0.0008864402770996094
0.0008938312530517578
0.0008816719055175781
0.0008909702301025391
0.0009207725524902344
0.0009038448333740234
0.0008974075317382812
0.0008976459503173828
0.0008931159973144531
0.0008881092071533203
0.0008890628814697266
0.0008859634399414062
0.0008842945098876953
0.0008890628814697266
0.0008885860443115234
0.0008821487426757812
0.0008866786956787109
0.000885009765625
0.0008864402770996094
0.0008895397186279297
0.000888824462890625
0.0008921623229980469
0.0008800029754638672
0.0008816719055175781
0.0008873939514160156
0.0008952617645263672
0.000911712646484375
0.0008885860443115234
0.0008914470672607422
0.0008990764617919922
0.0008866786956787109
0.000896453857421875
0.0008869171142578125
0.0008924007415771484
0.0008914470672607422
0.0008876323699951172
0.0008847713470458984
0.0008840560913085938
0.0008852481842041016
0.0008938312530517578
0.0008864402770996094
0.000881195068359375
0.0008864402770996094
0.0008857250213623047
0.0008871555328369141
0.0008893013000488281
0.0008902549743652344
0.0008950233459472656
0.0008921623229980469
0.0009112358093261719
0.0008931159973144531
0.0008931159973144531
0.0008909702301025391
0.0008895397186279297
0.0008885860443115234
0.0008878707885742188
0.00089263916015625
0.0008907318115234375
0.0008924007415771484
0.0008826255798339844
0.0008931159973144531
0.0008873939514160156
0.0008864402770996094
0.0008828639984130859
0.0008845329284667969
0.0008842945098876953
0.0008857250213623047
0.0008912086486816406
0.0008866786956787109
0.0008969306945800781
0.0008916854858398438
0.0008950233459472656
0.0009026527404785156
0.0008962154388427734
0.0008938312530517578
0.0008831024169921875
0.0008904933929443359
0.0008916854858398438
0.0008897781372070312
0.0008935928344726562
0.0008826255798339844
0.0008804798126220703
0.0008950233459472656
0.0008883476257324219
0.0008914470672607422
0.0008883476257324219
0.0008852481842041016
0.0008907318115234375
0.0008857250213623047
0.0008819103240966797
0.0008919239044189453
0.0008881092071533203
0.0008876323699951172
0.0008878707885742188
0.0008974075317382812
0.0008981227874755859
0.0008935928344726562
0.0008883476257324219
0.0009083747863769531
0.0008838176727294922
0.0008935928344726562
0.0008876323699951172
0.0008885860443115234
0.0008845329284667969
0.0008859634399414062
0.0008928775787353516
0.0008876323699951172
0.0008924007415771484
0.0008859634399414062
0.0008976459503173828
0.0008890628814697266
0.0008873939514160156
0.0008864402770996094
0.0008902549743652344
0.0008838176727294922
0.0008914470672607422
0.0008897781372070312
0.0008969306945800781
0.0008947849273681641
0.0009124279022216797
0.0009028911590576172
0.0008983612060546875
0.0008945465087890625
0.0008978843688964844
0.0008931159973144531
0.0008909702301025391
0.0008835792541503906
0.0008835792541503906
0.0008838176727294922
0.0008916854858398438
0.0008871555328369141
0.0008866786956787109
0.000896453857421875
0.0008833408355712891
0.0008854866027832031
0.0008919239044189453
0.0008904933929443359
0.0008835792541503906
0.000888824462890625
0.0008893013000488281
0.0008933544158935547
0.0008938312530517578
0.0008876323699951172
0.0009081363677978516
0.0008893013000488281
0.000904083251953125
0.0008866786956787109
0.0008938312530517578
0.0008883476257324219
0.0008878707885742188
0.0008802413940429688
0.0008871555328369141
0.0008897781372070312
0.0008816719055175781
0.0008881092071533203
0.000885009765625
0.0008869171142578125
0.0008921623229980469
0.0008914470672607422
0.0008909702301025391
0.0008800029754638672
0.0008876323699951172
0.0008914470672607422
0.0008900165557861328
0.0008912086486816406
0.0008914470672607422
0.0009133815765380859
0.0008962154388427734
0.0009045600891113281
0.000885009765625
0.0008857250213623047
0.0008931159973144531
0.0008869171142578125
0.0008821487426757812
0.0008914470672607422
0.0008835792541503906
0.0008859634399414062
0.0008831024169921875
0.0008885860443115234
0.0008890628814697266
0.0008904933929443359
0.0008862018585205078
0.0008976459503173828
0.000888824462890625
0.0008869171142578125
0.00089263916015625
0.000885009765625
0.0009031295776367188
0.0008976459503173828
0.0008978843688964844
0.0009036064147949219
0.0009016990661621094
0.000881195068359375
0.0008852481842041016
0.0008840560913085938
0.0008928775787353516
0.0011153221130371094
0.0009365081787109375
0.0008995532989501953
0.0009014606475830078
0.0008864402770996094
0.0008912086486816406
0.0008978843688964844
0.0008957386016845703
0.0008885860443115234
0.0009331703186035156
0.00090789794921875
0.0008919239044189453
0.0008995532989501953
0.0009000301361083984
0.0009129047393798828
0.000896453857421875
0.0008893013000488281
0.0009150505065917969
0.0008990764617919922
0.0008916854858398438
0.00089263916015625
0.0008885860443115234
0.0008864402770996094
0.0008969306945800781
0.0008919239044189453
0.0008955001831054688
0.0009021759033203125
0.0008878707885742188
0.0009169578552246094
0.00089263916015625
0.0008945465087890625
0.0008873939514160156
0.0008924007415771484
0.0009026527404785156
0.0009272098541259766
0.0009076595306396484
0.0009043216705322266
0.0009057521820068359
0.0009016990661621094
0.0008957386016845703
0.0008909702301025391
0.0008933544158935547
0.0009191036224365234
0.0008897781372070312
0.0008871555328369141
0.0008914470672607422
0.0008966922760009766
0.0008957386016845703
0.000888824462890625
0.0008981227874755859
0.0009427070617675781
0.0008914470672607422
0.0008904933929443359
0.0008940696716308594
0.0008912086486816406
0.0008909702301025391
0.000885009765625
0.0008945465087890625
0.0009016990661621094
0.0009183883666992188
0.0008928775787353516
0.0009076595306396484
0.0008928775787353516
0.0008881092071533203
0.0008876323699951172
0.0008959770202636719
0.00089263916015625
0.0009403228759765625
0.000885009765625
0.0008831024169921875
0.0008866786956787109
0.0008881092071533203
0.000896453857421875
0.0008943080902099609
0.0008847713470458984
0.0008878707885742188
0.0008885860443115234
0.0008912086486816406
0.0008928775787353516
0.0008916854858398438
0.0008873939514160156
0.0008845329284667969
0.0008912086486816406
0.0008876323699951172
0.0009043216705322266
0.00089263916015625
0.0008985996246337891
0.0008938312530517578
0.0009028911590576172
0.0008854866027832031
0.0008909702301025391
0.0008826255798339844
0.0008895397186279297
0.0008862018585205078
0.0008854866027832031
0.00089263916015625
0.0008924007415771484
0.0008931159973144531
0.0008864402770996094
0.0008945465087890625
0.0008883476257324219
0.0008862018585205078
0.0008876323699951172
0.000888824462890625
0.0008859634399414062
0.0008862018585205078
0.0008878707885742188
0.0008957386016845703
0.0008978843688964844
0.0008952617645263672
0.0008978843688964844
0.0008921623229980469
0.0008914470672607422
0.0008864402770996094
0.0008859634399414062
0.0008921623229980469
0.0008912086486816406
0.0008924007415771484
0.0008821487426757812
0.0008864402770996094
0.0008859634399414062
0.0008885860443115234
0.0008878707885742188
0.0008897781372070312
0.0008907318115234375
0.0008819103240966797
0.0008859634399414062
0.0008864402770996094
0.0008912086486816406
0.0009169578552246094
0.0008950233459472656
0.0008912086486816406
0.0008931159973144531
0.0008966922760009766
0.0008826255798339844
0.0008924007415771484
0.0008802413940429688
0.0008845329284667969
0.0008866786956787109
0.0008893013000488281
0.0008950233459472656
0.0008847713470458984
0.0008859634399414062
0.00089263916015625
0.0008885860443115234
0.0008866786956787109
0.00089263916015625
0.0010900497436523438
0.0009021759033203125
0.0009098052978515625
0.0009021759033203125
0.0008907318115234375
0.0008854866027832031
0.0008881092071533203
0.0008928775787353516
0.0008950233459472656
0.0008840560913085938
0.00089263916015625
0.0009102821350097656
0.0009036064147949219
0.0009095668792724609
0.0009024143218994141
0.0008909702301025391
0.0008862018585205078
0.0008985996246337891
0.0008983612060546875
0.0009241104125976562
0.0008938312530517578
0.0008924007415771484
0.0008933544158935547
0.0008895397186279297
0.0008938312530517578
0.0008895397186279297
0.0008976459503173828
0.0009260177612304688
0.0008931159973144531
0.0008935928344726562
0.0008947849273681641
0.0008873939514160156
0.0008873939514160156
0.0008895397186279297
0.0008997917175292969
0.0009236335754394531
0.0009090900421142578
0.0009005069732666016
0.0008916854858398438
0.0008895397186279297
0.000896453857421875
0.0008974075317382812
0.0008883476257324219
0.0008897781372070312
0.0009028911590576172
0.0009000301361083984
0.0008873939514160156
0.0008895397186279297
0.0008854866027832031
0.0008881092071533203
0.0008883476257324219
0.0008969306945800781
0.00091552734375
0.0009629726409912109
0.0008904933929443359
0.0008869171142578125
0.0008893013000488281
0.0008902549743652344
0.0009028911590576172
0.0008907318115234375
0.0009181499481201172
0.0009150505065917969
0.00090789794921875
0.0008995532989501953
0.0008931159973144531
0.0008921623229980469
0.0008893013000488281
0.0008957386016845703
0.0009102821350097656
0.0008950233459472656
0.0008938312530517578
0.0008823871612548828
0.0008924007415771484
0.0008978843688964844
0.000888824462890625
0.0008950233459472656
0.0008866786956787109
0.0009019374847412109
0.0008931159973144531
0.0008900165557861328
0.0008912086486816406
0.0009043216705322266
0.0008985996246337891
0.0008947849273681641
0.0009019374847412109
0.0009350776672363281
0.0008878707885742188
0.0008873939514160156
0.0008974075317382812
0.000885009765625
0.0008890628814697266
0.0008981227874755859
0.0008904933929443359
0.0009207725524902344
0.0008871555328369141
0.0008871555328369141
0.0008909702301025391
0.000888824462890625
0.0008881092071533203
0.0008933544158935547
0.0008952617645263672
0.0008959770202636719
0.0008978843688964844
0.0009102821350097656
0.0009100437164306641
0.0008916854858398438
0.0009136199951171875
0.0009031295776367188
0.0008907318115234375
0.0008974075317382812
0.0009016990661621094
0.0008881092071533203
0.0008909702301025391
0.0008928775787353516
0.0008912086486816406
0.0008866786956787109
0.0008950233459472656
0.0008893013000488281
0.0009143352508544922
0.0008969306945800781
0.000888824462890625
0.0008940696716308594
0.0008909702301025391
0.0008931159973144531
0.0008895397186279297
0.0008881092071533203
0.0009274482727050781
0.0008943080902099609
0.0008971691131591797
0.0008952617645263672
0.0009124279022216797
0.0008931159973144531
0.0008909702301025391
0.0008869171142578125
0.0008976459503173828
0.0009021759033203125
0.0008895397186279297
0.0008845329284667969
0.0008919239044189453
0.0008840560913085938
0.0009131431579589844
0.0008895397186279297
0.0008945465087890625
0.00091552734375
0.0008900165557861328
0.0008859634399414062
0.0008976459503173828
0.0008959770202636719
0.0008974075317382812
0.0008833408355712891
0.0008897781372070312
0.0009071826934814453
0.0008974075317382812
0.0008969306945800781
0.0009057521820068359
0.0009026527404785156
0.0008909702301025391
0.0008945465087890625
0.0008945465087890625
0.0008950233459472656
0.0009052753448486328
0.0008940696716308594
0.0008916854858398438
0.0008840560913085938
0.0008909702301025391
0.0008966922760009766
0.0008907318115234375
0.0008919239044189453
0.0009069442749023438
0.0008895397186279297
0.0008885860443115234
0.0008866786956787109
0.000885009765625
0.0008895397186279297
0.0008907318115234375
0.0008983612060546875
0.0009386539459228516
0.000904083251953125
0.0008924007415771484
0.0008914470672607422
0.0008914470672607422
0.0008904933929443359
0.0008912086486816406
0.0008871555328369141
0.0009021759033203125
0.0008904933929443359
0.0008988380432128906
0.0009014606475830078
0.0008876323699951172
0.0008869171142578125
0.0008890628814697266
0.0008988380432128906
0.0008969306945800781
0.0009007453918457031
0.0008947849273681641
0.0008900165557861328
0.0008902549743652344
0.0008909702301025391
0.0008959770202636719
0.0009007453918457031
0.000896453857421875
0.00091552734375
0.0008976459503173828
0.0008869171142578125
0.0008845329284667969
0.0008864402770996094
0.0008859634399414062
0.0008864402770996094
0.0008890628814697266
0.0009026527404785156
0.0008873939514160156
0.0008893013000488281
0.0008907318115234375
0.0008873939514160156
0.0008974075317382812
0.0008869171142578125
0.0008919239044189453
0.0008945465087890625
0.0008993148803710938
0.0009076595306396484
0.0008921623229980469
0.0009145736694335938
0.0008997917175292969
0.0008938312530517578
0.0008974075317382812
0.0008876323699951172
0.0009098052978515625
0.0008852481842041016
0.0008845329284667969
0.0008928775787353516
0.0008916854858398438
0.0008919239044189453
0.0008847713470458984
0.0008933544158935547
0.0009267330169677734
0.0008955001831054688
0.0008862018585205078
0.0008883476257324219
0.0008866786956787109
0.0008971691131591797
0.0008943080902099609
0.0008955001831054688
0.0009086132049560547
0.0009174346923828125
0.0008993148803710938