0.36179232597351074
0.4637019634246826
0.8493478298187256
0.565065860748291
0.27806878089904785
0.1583714485168457
0.604039192199707
0.5803778171539307
0.4014015197753906
0.24276328086853027
0.4091672897338867
0.3685026168823242
0.47121191024780273
0.1718456745147705
0.38195133209228516
0.5393285751342773
0.8521718978881836
0.6165304183959961
0.38866233825683594
0.1800224781036377
0.4123268127441406
0.5040023326873779
0.6077888011932373
0.5426735877990723
0.21194028854370117
0.5891683101654053
0.532280683517456
0.6056787967681885
0.12345051765441895
0.8290047645568848
0.5862340927124023
0.7602062225341797
0.5702042579650879
0.4343287944793701
0.3140091896057129
0.8016726970672607
0.40705132484436035
0.4685935974121094
0.24895501136779785
0.9000504016876221
0.2210249900817871
0.28652143478393555
0.24506449699401855
0.27808165550231934
0.5050699710845947
0.7095708847045898
0.5491716861724854
0.4464402198791504
0.155470609664917
0.3331480026245117
0.4847748279571533
0.48163700103759766
0.5576512813568115
0.11699533462524414
0.3398170471191406
0.3433685302734375
0.46745729446411133
0.26067233085632324
0.9890339374542236
1.4746811389923096
0.4145641326904297
0.7212095260620117
0.6197261810302734
0.21798920631408691
0.20257973670959473
0.40938472747802734
0.2926952838897705
0.6300535202026367
0.3568382263183594
0.1981513500213623
0.35307812690734863
0.4993147850036621
0.3381826877593994
0.24965357780456543
0.3618319034576416
0.6718766689300537
0.5903544425964355
0.5515496730804443
0.2650876045227051
0.5499551296234131
0.3346390724182129
0.42694711685180664
0.4897453784942627
0.5588815212249756
1.1138420104980469
0.4014296531677246
0.3907594680786133
0.3306279182434082
0.22578907012939453
0.29267406463623047
0.43938255310058594
0.6193075180053711
0.6422779560089111
0.6076219081878662
0.5763359069824219
0.4443321228027344
0.6175155639648438
0.3536694049835205
0.27373790740966797
0.23913884162902832
0.3610539436340332
0.37328410148620605
0.2883179187774658
0.1637270450592041
0.2525789737701416
0.19624710083007812
0.2835054397583008
0.19250106811523438
0.3076350688934326
0.5051784515380859
0.5246155261993408
0.7363672256469727
0.35872602462768555
0.2635786533355713
0.22545409202575684
0.37353944778442383
0.3055126667022705
0.4778115749359131
0.12820863723754883
0.24552154541015625
0.3193497657775879
1.68412446975708
0.32443737983703613
0.16736459732055664
0.42719006538391113
0.5172021389007568
0.4069693088531494
60.01569938659668
60.00767779350281
60.0079185962677
60.016300439834595
60.01383924484253
60.019330739974976
0.20336008071899414