0.08936452865600586
0.06808972358703613
0.07230186462402344
0.12408256530761719
0.09849905967712402
0.06984710693359375
0.07178449630737305
0.12824559211730957
0.08445024490356445
0.13225269317626953
0.09806180000305176
0.07524824142456055
0.12572741508483887
0.04330635070800781
0.09634113311767578
0.07584595680236816
0.08153820037841797
0.08149123191833496
0.10260391235351562
0.09323310852050781
0.10991263389587402
0.08185529708862305
0.10150003433227539
0.2703714370727539
0.04522132873535156
0.0746605396270752
0.05265378952026367
0.07876467704772949
0.06102490425109863
0.07489442825317383
0.09905743598937988
0.0840461254119873
0.0939481258392334
0.11065483093261719
0.1059422492980957
0.1401500701904297
0.15281295776367188
0.15029478073120117
0.06078624725341797
0.3228914737701416
0.05916309356689453
0.13362765312194824
0.10048270225524902
0.10704803466796875
0.11888885498046875
0.9662251472473145
0.07343244552612305
0.133497953414917
0.1348733901977539
0.10611867904663086
0.14374494552612305
0.06810188293457031
0.06093120574951172
0.0633246898651123
0.0809624195098877
0.10363650321960449
0.09396004676818848
0.11755037307739258
0.09883308410644531
0.05182170867919922
0.06778764724731445
0.07340264320373535
0.13944458961486816
0.08575606346130371
0.0803067684173584
0.6682271957397461
0.07093644142150879
0.11943745613098145
0.10991024971008301
0.07177424430847168
0.42394042015075684
0.11356854438781738
0.09367585182189941
0.07850122451782227
0.1599133014678955
0.10606670379638672
0.07618188858032227
0.10119509696960449
0.10795283317565918
0.07600164413452148
0.07657599449157715
0.06815075874328613
0.09752988815307617
0.07102131843566895
0.10125613212585449
0.06492066383361816
0.10567522048950195
0.09360408782958984
0.07246208190917969
0.10798430442810059
0.07078313827514648
0.08436226844787598
0.17760610580444336
0.06265139579772949
0.057294368743896484
0.08887982368469238
0.0957646369934082
0.11394619941711426
0.0445857048034668
0.1552886962890625
0.07820463180541992
0.10745429992675781
0.07715797424316406
0.10352277755737305
0.08396244049072266
0.07247638702392578
0.11651611328125
0.0930933952331543
0.07886195182800293
0.1157691478729248
0.10698080062866211
0.08240079879760742
0.42137837409973145
0.5553655624389648
0.6986839771270752
0.17341113090515137
0.6871814727783203
0.2748725414276123
1.1682500839233398
0.6916446685791016
0.19965004920959473
1.0764849185943604
0.33344292640686035
0.8473396301269531
9.413517475128174
0.5120103359222412
5.278137922286987
9.745482921600342
1.3033571243286133
4.164342880249023
10.47150993347168
1.4110190868377686
4.131561517715454
0.011398792266845703