0.10674381256103516
0.8840429782867432
0.3502473831176758
0.8652050495147705
0.9017841815948486
0.809093713760376
0.8263716697692871
0.8220784664154053
0.7999014854431152
1.047623872756958
0.2718696594238281
0.8469932079315186
0.6665349006652832
0.8822216987609863
0.7871561050415039
0.1716594696044922
0.573683500289917
0.16129183769226074
0.050699472427368164
0.07841062545776367
0.7078709602355957
0.29268622398376465
0.031169652938842773
0.9152626991271973
0.34819889068603516
0.8144230842590332
0.6935617923736572
0.5032925605773926
1.0013670921325684
0.7255430221557617
0.29044365882873535
0.7016127109527588
0.7680816650390625
0.1703629493713379
0.7534177303314209
1.457988977432251
0.09336256980895996
0.5050520896911621
0.9107182025909424
0.11328554153442383
0.8178787231445312
0.80190110206604
1.4523658752441406
0.5911226272583008
0.5328731536865234
0.21804451942443848
0.779757022857666
0.7675528526306152
0.6812634468078613
0.7615549564361572
0.5206990242004395
0.3167262077331543
0.8572113513946533
0.7436208724975586
0.7610559463500977
0.8059561252593994
0.4255638122558594
2.5619254112243652
0.47641968727111816
0.8315439224243164
0.7218949794769287
0.8808746337890625
0.766348123550415
0.17883086204528809
0.002077817916870117
0.2579789161682129
0.03370022773742676
0.0020487308502197266
0.14746522903442383
0.7803468704223633
0.46455883979797363
0.16101646423339844
0.055557966232299805
0.11508989334106445
0.2643282413482666
0.34714603424072266
0.14868927001953125
0.00902104377746582
0.008366584777832031
0.0020258426666259766
0.002033710479736328
0.0075604915618896484
0.0020487308502197266
0.0021097660064697266
0.019667387008666992
0.015660762786865234
0.0020494461059570312
0.0020487308502197266
0.015076875686645508
0.0020449161529541016
0.002043485641479492
0.002045154571533203
0.002051115036010742
0.002050638198852539
0.008360862731933594
0.0020601749420166016
0.0020618438720703125
0.002048015594482422
0.0020439624786376953
0.002042055130004883
0.019465208053588867
0.15291929244995117
0.29868125915527344
0.035073041915893555
0.37937068939208984
1.034184217453003
0.07819056510925293
0.05129671096801758
0.48142004013061523
0.3659040927886963
0.047821998596191406
0.010201692581176758
0.10157084465026855
0.011372089385986328
0.3465874195098877
0.14416718482971191
0.009957551956176758
0.012983560562133789
0.020044803619384766
0.4184603691101074
0.21710658073425293
10.010027408599854
10.020455598831177
10.009129285812378
9.226914167404175
10.017536401748657
1.0693857669830322
0.13342547416687012
10.016555070877075
10.009440183639526
10.014049530029297
10.01288652420044
10.017624378204346
2.881666660308838